5.152508
5.403905
5.356665
5.585157
5.536595
5.655646
5.903215
6.146047
6.131294
5.999598
6.116299
6.342560
6.286049
6.305271
6.263714
6.281173
6.554465
6.573705
6.433444
6.382500
6.446039
6.573668
6.706860
6.640341
6.484625
6.655795
6.609000
6.651264
6.632609
6.570334
6.698937
6.571807
6.768371
6.654832
6.425346
6.788067
6.464949
6.650952
6.599739
6.404349
6.785129
6.455526
6.556590
6.385220
5.993303
6.163642
5.725512
5.724186
5.547286
5.400229
5.328428
5.166456
5.221373
4.989424
5.092551
4.953437
4.820354
4.885378
4.644295
4.738098
4.627954
4.525811
4.404597
