19.678243
21.733220
22.382662
25.091887
25.090765
25.728701
27.359354
28.032905
28.340492
27.917681
29.084653
28.523512
24.612447
24.345579
23.454638
22.777589
21.144115
20.163257
20.312320
18.474445
17.802710
16.368739
15.610843
15.083844
13.998254
13.942872
13.033600
12.376945
11.477616
10.173964
9.529689
9.112131
8.848716
8.526781
8.200093
6.957157
6.023311
6.258726
6.471791
6.215033
5.999476
5.685524
5.368256
4.925404
5.033371
4.975446
5.019568
4.736275
4.634614
4.708821
4.927552
4.736295
4.160152
3.855711
3.933678
3.868279
3.564615
3.725582
4.462549
7.316309
8.536711
9.300056
11.070686
12.026512
12.863689
14.062230
14.586728
15.397802
16.509998
17.789000
18.837792
19.747435
19.780201
21.511558
