9.028690
8.586405
7.896984
7.598581
6.707119
6.376938
5.864900
5.354834
5.034329
4.405057
4.021756
3.573925
3.162899
2.709764
2.603620
2.972669
3.095661
3.080879
3.003414
2.942019
2.961648
2.632175
2.455444
2.516106
2.408313
2.397226
2.274284
2.309896
2.505393
2.499969
2.510076
2.388398
2.219925
2.331835
2.131253
2.171373
1.975149
1.855681
1.896980
1.832532
1.793147
1.752395
1.717399
1.705159
1.539100
1.435360
1.306663
1.285752
1.230015
1.050689
0.997894
0.978980
0.864155
0.743074
0.670620
0.613447
0.506951
0.420988
0.355802
0.280887
0.205273
0.168484
0.085708
0.016691
0.009326
0.009602
0.005462
0.011084
0.006954
0.000700
0.006933
0.006272
0.000965
0.006945
0.008643
0.001027
0.000930
0.003372
0.001488
0.000701
0.000720
0.000992
0.000482
0.005703
0.004902
0.000480
0.003228
0.002653
0.001489
0.002101
0.001920
0.000744
0.001688
0.004465
0.002335
0.003120
0.003473
0.002412
0.001240
0.006277
0.010826
0.011546
0.007474
0.002972
0.006720
0.003608
0.001487
0.001165
0.000769
0.001160
0.005055
0.002972
0.000000
0.000249
0.006955
0.002648
0.006436
0.000479
0.002986
0.000232
0.003610
0.008412
0.003265
0.005101
0.009084
0.016118
0.007183
0.003262
0.001530
0.019855
0.014685
0.000742
0.001630
0.006368
0.008151
0.005289
0.003946
0.006401
0.010394
0.030088
0.013226
0.090212
0.043158
0.014449
0.000000
0.000995
0.009104
0.005689
0.026318
0.015318
0.018151
0.014603
0.006188
0.011070
0.001438
0.008661
0.004196
0.002995
0.014913
0.007685
0.013119
0.010112
0.017006
0.000991
0.003263
0.012626
0.000722
0.001677
0.000000
0.004661
0.001735
0.003609
0.003834
0.002724
0.006524
0.000742
0.000482
0.003114
0.001733
0.001166
0.003218
0.000481
0.001198
0.000248
0.000233
0.002530
