4.871482
4.879298
4.556103
4.632274
4.383971
4.193847
4.187424
4.122330
3.956379
4.071377
3.879372
3.982116
3.790753
3.609754
3.706192
3.545394
3.682441
3.882903
4.103258
4.327121
4.587296
4.747870
4.658029
4.704257
4.755265
4.731068
4.941766
5.005519
5.336430
5.218564
5.174807
5.205094
5.020505
5.156094
4.969861
4.836738
4.437518
3.947458
3.796383
3.503535
3.203466
3.167950
3.012639
3.119735
3.190149
3.600690
4.307738
4.833932
5.680610
6.346575
7.606818
8.408369
9.222939
9.810172
10.923923
11.412811
11.577996
12.091499
12.254255
12.908896
13.011894
13.013519
13.782047
13.342225
14.062834
14.110815
13.816513
14.345990
13.948379
14.224046
13.008994
12.278153
12.067468
11.113847
10.954734
10.093953
9.872994
9.863805
9.772135
10.196232
9.843957
9.251033
8.580593
7.836866
7.049855
6.314892
6.065467
5.525859
5.292197
4.798392
4.554074
4.586714
4.597625
4.776068
5.054565
5.006360
4.949157
5.205614
5.322263
5.401457
5.217264
5.312716
5.555696
5.398137
5.390032
5.442621
5.403706
5.574676
5.757236
5.603956
5.476537
5.625947
5.832508
5.868740
6.052065
6.031182
5.926881
5.932629
6.061721
6.175405
6.384081
6.279140
6.258129
6.615169
6.403439
6.871504
