8.217153
8.191663
8.132761
8.471473
8.038003
7.530121
7.095382
6.327893
6.051484
5.214589
4.394680
3.819446
3.011542
2.161545
1.284655
1.018511
1.252855
1.450856
1.703258
2.030681
2.288173
2.473397
2.535883
2.714192
2.644433
2.657801
2.785118
2.752219
3.008050
2.934542
3.107547
3.728366
3.932004
4.238086
4.188551
4.284684
4.768697
4.808442
4.712081
4.870504
4.892373
5.001352
4.940564
5.027205
5.361492
5.399240
5.620420
5.409043
5.328729
5.481438
5.254193
5.112393
5.020220
4.781696
4.901442
4.794884
4.927961
4.844995
5.034430
5.238692
5.422179
4.913633
4.846215
5.016463
4.765681
4.896157
4.817885
5.096531
5.121493
5.317656
5.182618
5.118516
5.123075
5.336303
5.418717
5.277474
5.094022
5.006758
5.002742
5.014375
4.999848
5.015289
4.894112
5.048903
5.115882
5.058953
4.858862
4.847957
5.053516
4.913898
4.690432
4.550691
4.500430
4.548684
4.439524
4.409041
4.261529
4.090579
4.109651
4.131549
3.895148
3.813918
3.630136
3.705907
3.722965
3.451601
3.356400
3.377775
3.180243
3.559788
4.336886
5.759514
6.914226
8.429147
10.025697
11.863554
13.630738
15.107458
15.997003
17.522917
18.670604
19.928465
20.796761
22.351168
22.556578
22.886970
