8.253062
9.047322
9.935298
11.410345
12.394752
13.309317
13.112042
13.179676
14.368897
14.327499
14.562048
14.359353
14.776152
13.764675
13.508137
12.882651
9.366398
7.369126
5.437225
4.123029
2.965280
2.487506
2.391472
2.480512
2.482214
2.264311
2.050848
4.269269
4.338326
4.221461
4.443346
4.730993
4.838943
4.874555
4.895709
5.166973
4.962051
4.772736
4.623412
4.531571
4.713776
4.619730
4.944209
5.189784
5.535569
6.483499
7.169665
7.571080
7.526056
7.747616
7.718127
7.601025
7.837616
7.711176
8.055008
7.838782
7.834289
8.134045
7.795181
6.970196
6.974664
6.377865
6.119287
5.788852
5.455691
5.173121
4.959444
4.876753
4.982283
4.423574
4.397534
