3.177651
3.607716
3.796300
4.244794
4.318388
4.652667
4.557980
4.760260
4.935604
5.014256
5.065646
5.064932
5.303784
5.130307
5.010797
5.028904
4.843490
4.873638
4.718660
4.887385
4.747749
4.648961
4.809149
4.688239
4.965138
5.127651
5.357847
6.080882
6.623281
6.937432
6.958376
7.169375
7.069209
7.006289
7.232040
7.157673
7.262633
7.270368
7.531427
7.242984
7.226629
6.921181
6.580605
6.611740
6.129528
5.999107
5.790674
5.799057
5.531180
5.399436
5.382278
5.281293
5.725437
5.662989
5.470071
5.688042
5.559909
5.703974
5.597987
5.357063
