2.627360
2.800323
2.933217
3.092474
3.481646
3.531801
3.666716
4.051621
4.111792
4.137415
3.793215
3.680519
3.641320
3.113735
2.794044
2.837249
2.786857
2.903869
2.772084
2.686197
2.681802
2.549324
2.633819
2.535257
2.509645
2.565748
2.567407
2.600100
2.733785
2.897624
3.128404
3.162416
3.294453
3.310796
3.376013
3.543826
3.524108
3.625692
3.556631
3.570218
3.746631
3.610420
3.729950
3.610132
3.605015
3.862009
3.790705
3.977000
3.899397
3.967530
4.212149
4.110653
4.105970
4.274996
4.258878
4.350673
4.267124
4.293165
4.495827
4.458057
4.548657
4.396952
4.318380
4.486886
4.372924
4.365515
4.506601
4.458540
4.538972
4.445931
4.474149
4.667978
4.731613
4.637439
4.639545
4.866479
4.694535
4.863854
4.773909
4.769048
5.043887
4.883555
5.037927
4.860820
4.892798
5.095535
4.857400
4.843119
5.022361
4.910300
5.163933
4.985542
5.099862
5.084771
5.199623
5.113330
5.059615
5.054418
5.249341
5.290519
5.241188
5.168720
5.222713
5.262489
5.355444
5.302357
5.249685
5.219118
5.395153
5.393324
5.318788
5.245909
5.213182
5.344972
5.262318
5.073109
4.884597
4.760326
4.832012
4.751686
4.609064
4.430885
4.347734
4.388848
4.293429
4.083982
4.038796
3.920067
3.933376
3.403703
3.671170
18.769178
20.103674
