2.656544
2.809113
2.958824
3.177010
3.197700
3.317207
3.324788
3.381144
3.541813
3.515680
3.609646
3.537298
3.550221
3.726462
3.590684
3.711969
3.596147
3.595443
3.859470
3.792861
3.980161
3.901940
3.969742
4.217960
4.119487
4.112142
4.280059
4.266750
4.359901
4.276499
4.304226
4.512722
4.477140
4.571598
4.420031
4.339706
4.506576
4.389193
4.374752
4.431034
4.347962
4.508051
4.458906
4.539574
4.445788
4.474383
4.668447
4.731161
4.636510
4.638182
4.864816
4.693250
4.863317
4.774212
4.768348
5.043083
4.882075
5.036216
4.859734
4.890425
5.094505
4.857001
4.843086
5.022426
4.914414
5.171172
4.989844
5.099896
5.084502
5.199272
5.112634
5.059143
5.053898
5.249102
5.290403
5.240824
5.170200
5.228718
5.269835
5.367554
5.311087
5.255730
5.230233
5.407205
5.401658
5.325746
5.258370
5.225448
5.354185
5.273056
5.087631
4.896542
4.768775
4.841339
4.763426
4.614895
4.435562
4.356906
4.398963
4.296871
4.088188
4.045475
3.934048
3.940930
3.839350
3.633589
3.576958
3.539148
3.325510
3.406940
