2.076187
2.544921
2.779223
3.147575
3.327146
3.610718
3.697320
3.581070
3.817808
3.753794
3.842810
3.802990
3.708354
3.870067
3.724421
3.808401
3.971516
3.926180
3.939784
3.787855
3.919849
3.798102
3.518620
3.646915
3.494376
3.444796
3.372966
3.286370
3.402390
3.177800
3.308048
3.337972
3.345827
3.444826
3.423634
3.568311
3.488432
3.373168
3.377611
3.147575
3.060313
2.780998
2.557694
2.600725
2.456203
2.524890
2.480543
2.404777
2.361167
2.280960
2.366226
2.387428
2.504428
2.761973
3.028405
3.335498
3.440979
3.632151
3.810816
3.871052
3.961798
3.874318
3.928592
3.881447
3.752520
3.651309
3.694575
3.547225
3.462332
3.443417
3.438383
3.493124
3.504011
3.488178
3.500323
3.551586
3.712657
3.665804
3.610270
3.582989
3.524590
3.523733
3.561561
