10.927994
10.419900
10.328673
9.465214
8.793315
8.529866
7.649157
7.177505
7.078109
6.814870
6.787990
6.592711
6.122065
5.636116
5.254770
5.060126
4.764583
4.512955
4.336658
4.325031
4.064387
4.191114
4.016452
4.055342
4.708452
5.276269
5.783052
6.212266
7.013977
7.489403
8.195111
8.458490
8.612818
8.837877
9.557712
9.678563
9.728903
9.957324
8.747065
7.918535
8.033824
7.951268
8.346188
7.941692
7.589268
7.476631
6.926260
6.766206
5.997449
5.372774
5.078062
4.553120
3.975919
3.312452
2.999953
2.982243
2.919592
2.984591
2.975524
3.044426
3.196700
3.178282
3.272961
3.205934
3.234331
3.398126
3.282383
3.426900
3.326754
