7.571859
7.240228
7.288459
6.971180
6.699736
6.883782
6.152902
5.594074
4.816641
3.714104
2.580206
1.581965
1.529823
2.529421
3.162582
4.786446
5.527320
5.727163
6.397373
6.806249
7.446864
8.518505
9.038044
9.349110
9.864380
10.906845
11.179672
11.172661
10.804856
11.137001
10.896745
10.584958
10.662133
10.198525
9.879267
9.441880
8.739114
8.332664
7.684683
7.860982
7.799059
7.699673
7.891075
7.633080
7.849340
7.773140
7.980990
8.460259
8.529985
8.919253
9.075566
9.459266
9.820566
9.901381
10.492188
10.590958
10.797163
10.954624
10.856286
11.385768
11.326021
11.426402
11.507929
11.436878
11.969296
11.180678
10.868002
10.073623
9.495270
9.388925
9.052280
8.455109
8.248438
7.845566
7.835395
7.774445
7.571428
7.475342
7.582197
7.359947
7.244931
6.828793
6.676877
6.935649
6.749499
6.731516
6.654914
6.561963
6.734636
6.663241
6.181279
5.793248
5.440535
5.171878
4.891082
4.474870
4.348596
4.458676
4.254192
4.094980
3.939080
3.951558
4.138810
3.853979
