3.493816
3.757943
3.953911
4.185661
4.711543
4.767688
4.967793
5.448279
5.506309
5.529608
5.133947
5.014314
4.984422
4.276034
3.842924
3.897495
3.838937
4.009216
3.815430
3.679573
3.616734
3.390535
3.440889
3.236728
3.087331
3.072669
2.956141
2.879832
2.910060
3.007148
3.200052
3.210864
3.324670
3.322776
3.377572
3.540281
3.516222
3.612858
3.540205
3.549988
3.727252
3.597087
3.722026
3.607859
3.606211
3.863637
3.788328
3.971611
3.892667
3.960421
4.200545
4.098624
4.098296
4.270626
4.257961
4.352786
4.270382
4.296345
4.497756
4.460460
4.548413
4.396741
4.318388
4.486584
4.371155
4.363475
4.507056
4.459839
4.540534
4.446805
4.475167
4.669078
4.732478
4.637993
4.640401
4.867315
4.695076
4.865085
4.775438
4.769597
5.045182
4.884089
5.038263
4.861497
4.891619
5.096191
4.857809
4.843139
5.022321
4.909204
5.159831
4.983424
5.099811
5.084774
5.200164
5.113499
5.059862
5.054650
5.249748
5.292518
5.241366
5.168387
5.221665
5.261003
5.354847
5.301404
5.249454
5.218832
5.395655
5.393244
5.206643
4.756758
3.836329
