6.137780
5.878120
5.622317
5.480384
5.321308
5.226385
5.021716
4.852619
4.767402
4.628511
4.556525
4.379783
4.171510
4.081449
3.973667
3.871797
3.698944
3.445261
3.372054
3.059470
2.933815
2.665354
2.472787
2.416543
2.161122
2.071398
1.864171
1.659297
1.630770
1.408894
1.405242
1.379736
1.340245
1.431638
1.401967
1.465416
1.431204
1.394334
1.384943
1.434613
1.547199
1.606075
1.691804
1.772699
1.851237
2.028667
2.126966
2.464862
2.692279
2.884973
3.390639
3.999742
4.970267
5.747583
6.829857
7.686568
8.234228
9.247765
9.962314
10.787606
10.841608
11.569403
11.737155
12.268359
13.224741
13.086985
13.647739
13.480543
14.110242
14.054241
13.849216
14.477015
14.195620
14.591423
13.836650
13.408468
12.911005
12.414904
12.472000
12.172398
12.112178
11.461988
10.742652
9.738044
8.639997
