1.874917
1.776515
1.694991
1.532947
1.449803
1.406136
1.276194
1.248547
1.165421
1.150634
1.184027
1.174649
1.202444
1.164177
1.212293
1.235603
1.207866
1.244285
1.223590
1.268828
1.309379
1.313381
1.452611
1.477577
1.584673
1.766949
1.884351
2.052343
2.090445
2.259681
2.433436
2.459070
2.625256
2.668327
2.850097
2.882931
2.934323
3.120091
3.079988
3.262374
3.305688
3.365377
3.586769
3.589223
3.835761
3.904582
3.963638
4.105860
3.991730
4.130504
4.085180
4.132606
4.158737
4.080719
4.212146
4.145024
4.136374
4.090031
3.985820
4.156540
4.129783
4.152782
4.157495
4.170695
4.366016
4.372286
4.400674
4.434720
4.407529
4.544471
4.519495
4.512850
4.461858
4.431354
4.561569
4.533079
4.537837
4.440457
4.349943
4.494915
4.419875
4.395490
4.334369
