0.903586
1.182596
1.202795
1.129343
1.319062
1.333429
1.362940
1.277383
1.185886
1.271781
1.190022
1.206032
1.292238
1.237603
1.061588
0.838323
0.763816
0.507925
0.584398
0.747444
0.894503
1.213521
1.584749
1.699545
1.904679
2.539143
2.810292
2.754895
2.977789
3.136524
3.358175
3.779922
3.996586
5.701071
5.640934
5.807946
5.896323
5.823647
6.006241
5.882628
5.735481
5.396321
4.936333
4.970753
4.816914
4.670751
4.505466
4.470798
4.769046
4.870669
4.878050
5.005379
5.190358
5.369379
5.368892
5.189210
5.224681
5.442205
5.498004
5.592725
5.449814
5.300723
5.482946
5.314931
5.274164
4.567685
4.440135
4.206674
4.322756
3.963657
3.748750
3.702404
