6.371180
5.769250
5.277760
5.025065
4.451448
4.307546
4.197180
4.212640
4.123040
4.325675
4.103452
4.099440
3.958338
3.826895
3.895929
3.773733
3.962351
3.887446
3.959472
4.247838
4.184931
4.150339
4.314786
4.320919
4.410897
4.329375
4.368913
4.624400
4.614025
4.761012
4.601370
4.513471
4.670120
4.524002
4.462596
4.490180
4.371482
4.524444
4.473428
4.549725
4.453451
4.481290
4.673474
4.734049
4.642351
4.648395
4.872278
4.702031
4.870084
4.777803
4.769063
5.045844
4.887307
5.041168
4.867178
4.906455
5.106856
4.858493
4.843116
5.022363
4.905163
5.144536
4.977007
5.099810
5.084358
5.199054
5.114785
5.061951
5.056773
5.250865
5.291997
5.242090
5.165752
5.209754
5.247602
5.334149
5.284513
5.236621
5.195297
5.371145
5.377951
5.302561
5.209944
5.181791
5.325646
5.233027
5.035837
4.855931
4.740573
4.809322
4.724863
4.600170
4.423996
4.329563
4.367281
4.287592
4.074480
4.025146
3.894130
3.918946
3.835419
3.620803
3.552503
3.526446
3.318286
3.379493
3.327601
3.455456
3.524393
3.634515
3.710208
3.920880
4.112066
4.288642
4.419791
4.450460
4.569677
4.746180
4.787170
5.018822
4.852748
4.806198
5.153534
4.945251
4.982349
4.739758
4.956186
5.380957
5.140091
5.184010
4.794499
4.914334
4.907037
4.917801
