17.027032
15.423988
14.508120
13.179086
12.614312
12.247480
11.783925
11.402005
10.576596
9.979182
8.995415
8.557982
8.810561
8.501744
8.370466
8.211532
7.993390
8.112758
7.978223
7.039732
6.170897
5.506753
5.136015
4.900280
4.657647
4.628310
4.811573
4.836657
5.125816
5.076076
5.048598
5.297105
5.195594
5.399312
5.242240
5.174338
5.321893
5.189244
4.944164
4.988944
5.028111
5.132653
5.126477
5.107165
5.245656
5.342649
5.593582
5.629290
5.522390
5.609429
5.684574
5.518126
5.795677
5.702331
5.766860
5.911597
5.777613
5.936455
5.741973
5.821426
5.855236
5.678237
5.660953
5.847744
5.733104
5.723171
5.484853
5.385935
5.535814
5.414567
5.451093
5.310545
5.285843
5.381946
5.255053
5.307844
5.173017
5.153614
5.291778
5.228862
5.119390
5.079885
5.053833
5.272322
5.169239
5.201716
5.039850
5.000339
5.244003
5.011208
5.141704
4.977310
4.945512
5.136238
4.830029
4.790895
4.702335
4.571103
4.643374
4.394474
4.228801
4.084418
3.862546
3.779056
3.617237
3.331433
3.136568
2.998983
2.817630
2.860154
2.776923
2.784985
2.983976
2.880024
2.980060
2.963499
3.044340
3.259446
3.335349
3.562194
3.935729
4.100396
4.452550
4.975070
5.404153
5.851201
6.076970
5.974709
6.225644
6.001059
5.927584
5.946632
5.526059
