5.214445
5.042556
5.108588
4.832927
4.922197
4.778209
4.612096
4.714363
4.522299
4.554347
4.374627
4.338457
4.273129
4.152257
4.373085
4.428720
4.426671
4.345166
4.169468
4.248586
4.039146
3.890580
3.790860
3.674243
3.681156
3.502975
3.529271
3.359780
3.180043
3.243455
3.096298
3.108018
2.931716
2.493230
2.252037
2.048961
1.609826
1.415737
1.196481
1.073931
0.876049
0.743316
0.642318
0.666138
0.700835
0.696048
0.748345
0.795933
0.782328
0.788914
0.785905
0.856646
0.848483
0.862040
0.932445
0.965182
1.012295
1.047548
1.113750
1.093545
1.097175
1.232998
1.339379
1.327022
1.470902
1.636340
1.887176
1.922158
2.054895
2.087226
2.085786
2.212842
2.232158
2.384213
2.322147
2.340376
2.528630
2.457604
2.516348
2.572881
2.670396
2.727632
2.840884
3.161681
3.228172
3.587334
3.825631
4.148133
4.584565
4.837003
5.166356
5.393838
5.844843
6.282382
6.487749
6.996689
7.122434
7.698148
7.683709
7.728501
7.958544
8.180826
8.481230
9.412065
9.542220
9.555754
9.709109
9.792018
10.140414
9.725275
9.756137
9.919085
9.246409
9.591600
8.843541
7.536969
5.753891
3.183496
6.378897
