3.632296
3.874050
3.970386
4.259770
4.218041
4.243715
4.609013
4.672705
4.760545
5.231788
5.602160
6.131072
6.447082
6.823559
7.677958
8.749356
10.123294
10.110697
10.351202
11.175447
10.914259
11.311788
11.190523
11.390658
11.875315
12.007318
12.476370
13.447819
13.931976
14.896737
15.958089
16.543273
17.621175
18.289727
17.934294
18.540375
18.164359
18.196994
10.286692
9.284036
8.845259
8.303620
8.176240
7.958682
7.062930
5.945723
5.152739
4.830886
4.339039
4.001051
3.714054
3.606094
3.369932
3.485410
3.342336
3.377572
3.882505
4.619782
5.854382
7.067504
8.117179
9.725710
11.118444
12.825656
13.369592
13.825788
14.280846
15.756635
15.944000
16.481094
17.738367
17.660815
17.755206
16.518986
16.404030
16.591669
14.269728
12.599282
13.127778
12.395830
11.742762
11.287283
10.177981
9.906231
8.560285
7.360695
6.600806
5.420842
4.163742
2.562642
1.771748
1.882505
2.091949
2.033221
2.069432
2.158929
2.186884
2.524679
2.480691
2.769358
3.636481
4.029703
