8.385930
7.517591
6.719738
6.008923
5.492180
4.869014
4.185406
3.967147
4.009001
3.637970
3.195733
2.999424
3.041512
3.208233
2.881031
2.930478
2.937476
3.041054
3.219952
3.542848
3.891363
4.237949
4.473734
4.869634
5.139090
5.186825
5.528611
5.921189
6.296223
6.363188
6.314256
6.434548
6.370360
6.101814
6.529287
6.452626
5.896503
5.521321
5.361544
5.513589
5.252440
5.219401
5.227884
5.265846
5.196959
5.052940
5.140762
5.145580
5.216192
5.331823
5.192658
5.127302
5.301114
5.477637
6.031885
5.929873
5.984442
5.885929
5.906123
6.323988
6.056177
6.220930
5.966489
6.024515
6.130722
5.451869
5.138584
5.014673
4.772047
4.662065
4.266250
4.020941
3.841961
