7.358923
7.413919
7.367577
7.447509
7.759417
7.541606
7.801220
7.624861
7.521277
7.861697
7.608407
7.999216
7.802577
7.500196
7.751198
7.230181
7.652130
7.713325
7.668790
7.932424
7.672924
7.908302
7.733402
7.760558
7.936563
7.813640
8.234861
7.712381
7.740847
7.985313
7.740721
8.192184
7.954233
7.731896
7.965171
7.499689
7.726423
7.492475
7.416138
7.621736
7.493779
7.842625
7.659229
7.644480
7.892862
7.774199
7.676404
7.698894
7.582777
7.540171
7.250747
6.361655
6.252846
6.375816
6.222717
5.979242
5.276081
5.025289
4.688524
3.459866
