7.995939
8.283594
8.055608
8.238468
8.266184
8.375964
8.369805
8.224644
7.941631
7.838343
7.574313
6.985829
6.627984
6.040729
5.818814
5.364173
5.104550
4.605269
4.104823
3.972517
3.772720
3.970764
4.164077
4.508538
5.027526
5.186709
5.746335
6.178187
6.347313
6.866735
7.107238
7.693146
7.748023
7.706324
8.682396
8.449020
7.844720
7.594704
7.518854
7.573951
6.626155
7.265597
7.727618
6.236689
5.404229
5.872616
6.585059
5.713707
5.301711
5.423944
5.366043
4.622622
3.887800
4.592085
4.397013
4.144712
3.743132
3.422801
3.354178
3.132810
3.378676
3.533405
3.588726
3.835830
3.742235
3.691609
4.032346
4.021506
3.544880
3.957748
3.830670
3.566702
4.000961
3.819012
3.830529
3.909020
3.997888
4.095180
4.183418
4.478392
4.418085
4.433948
4.561336
4.590246
4.535317
4.417765
4.524002
4.397742
4.492930
4.388194
4.483118
4.592100
4.437148
4.626855
4.595517
4.656081
4.897099
4.669005
4.880793
4.758496
4.951189
4.741136
4.899353
4.791277
4.991809
4.964155
4.937701
5.089308
4.858073
4.986020
4.780747
4.786777
4.656495
4.559443
4.594741
4.299198
4.442700
4.407806
4.264504
4.350703
4.207949
4.295174
4.122293
3.991835
4.134268
3.801132
3.772725
3.476662
3.453522
3.124331
2.825551
2.757265
2.616791
2.729696
2.610321
2.633747
2.464102
2.287858
2.278186
2.201860
2.285089
2.253264
2.309108
2.271825
2.198435
2.267625
2.450420
2.803181
2.899549
3.099084
