4.180545
4.502047
4.583443
4.624152
4.982014
4.864565
4.972781
5.169057
5.012176
5.081974
5.093083
4.836993
4.508164
4.047740
3.541432
3.258231
2.743531
2.507857
2.198779
1.887292
1.709831
1.561772
1.400399
1.282717
1.250208
1.205133
1.201568
1.015047
1.121117
1.021872
1.025034
1.027268
1.026276
0.992877
0.955949
0.955081
0.937620
0.947913
0.962746
1.011971
1.100252
1.245541
1.428822
1.478601
1.487082
1.667035
1.742080
1.708554
1.770005
1.778374
1.996199
1.959956
1.961909
1.969547
2.020335
2.136464
2.157293
2.255621
2.196962
2.206760
2.215800
2.200344
2.206509
2.072497
1.966726
1.950030
1.822765
1.686468
1.457182
0.499318
0.543111
0.547640
0.537945
0.561964
0.595297
0.592620
0.621786
0.770889
0.880954
0.989818
1.248077
1.470903
1.647353
1.730192
1.957030
2.191903
2.244393
2.421486
2.532926
2.727778
2.761107
2.823433
3.033547
2.990571
3.183877
3.259775
3.363475
3.635800
3.691441
4.016040
4.182309
