12.388214
11.370075
9.643240
8.100463
6.015031
5.740107
5.629409
5.700706
5.853916
5.592884
5.233670
5.151428
4.821627
4.931030
4.816408
4.810335
5.027249
4.923070
5.147230
5.115236
5.064085
5.239269
5.233864
5.258626
5.322923
5.296663
5.489558
5.360321
5.272071
5.251059
5.089064
5.144847
4.938612
5.069730
4.938115
4.826489
4.948287
4.787821
4.997152
5.029645
5.072637
5.416270
5.649749
5.787772
5.740447
5.975511
5.900257
5.830749
6.041253
5.900957
6.159641
6.035087
6.033137
6.269061
6.065291
6.209574
6.059632
5.908854
6.043026
5.775350
5.859253
5.738597
5.809572
5.595967
5.558094
5.617433
5.515071
5.738830
5.404300
5.379131
5.580471
5.508722
5.877697
5.799892
5.627753
5.839519
5.693762
5.849965
5.742134
5.501132
5.516064
5.341752
5.024614
5.065317
4.986692
4.895769
5.013933
5.013771
5.243894
5.285758
5.294988
5.391684
5.106804
5.145156
5.086685
5.200965
5.396751
5.157194
5.012449
5.043327
4.946226
5.103781
5.111092
5.250425
5.499543
5.455922
5.510745
5.405718
5.529951
5.936616
6.058884
6.438870
6.449410
6.662664
6.681107
6.678990
6.834339
6.723135
6.891057
7.071987
6.970981
7.148779
6.969653
7.126506
7.278795
7.139550
7.386039
7.227943
7.395148
7.477169
7.300812
7.489876
7.349419
7.498891
7.532813
7.354293
7.392721
7.523270
7.591110
7.319930
