2.634880
2.429804
2.240444
2.166178
1.949621
1.663161
1.274978
1.013631
0.817200
0.773344
0.942192
1.119994
1.340528
1.343341
1.283198
1.432989
1.441952
1.477837
1.423355
1.459106
1.539499
1.236267
1.211159
1.132038
1.164037
1.319050
1.386930
1.610266
1.881901
1.956413
2.144682
2.344775
2.552730
2.582544
2.656726
2.896797
2.848454
3.058612
3.183906
3.360154
3.727686
3.886187
4.367189
4.685697
4.949104
5.184108
5.079599
5.269858
5.226543
5.362480
5.429889
5.357564
5.530484
5.413720
5.318264
5.056929
4.689677
4.751489
4.538354
4.413175
4.397725
4.667758
4.745865
4.751846
4.861542
4.792577
5.022766
5.139593
5.144397
4.997002
5.013939
5.213796
5.227785
5.292315
5.175430
5.021244
4.938445
4.704846
4.719127
4.580836
4.433345
4.329273
4.116775
4.221912
3.917675
3.726391
3.677837
3.627723
3.628949
3.405132
3.280869
3.310032
3.132142
3.233100
3.086637
3.083072
3.101586
2.942529
2.678519
2.663769
2.511889
2.731556
4.112265
6.468164
