1.428464
1.574337
1.831260
1.896151
2.078922
2.595182
2.850780
2.422883
2.402300
2.811209
2.811987
2.303327
2.302966
2.127019
1.635502
1.248177
0.792623
0.389187
8.689723
9.813689
11.353998
12.837574
14.154501
15.646281
16.226375
18.288078
18.328163
18.663437
19.998754
20.503713
20.597825
20.407568
21.223565
20.549750
20.265647
18.555888
17.002511
16.494257
15.713933
14.981059
13.566852
12.705000
12.608915
11.235949
10.501917
9.344678
8.634915
7.914028
7.173578
6.955906
6.431142
5.921372
5.295364
5.168868
5.111129
4.828333
4.648131
4.275849
4.011404
3.981873
3.936331
3.866561
3.718254
3.795237
3.975204
4.004716
4.075223
4.127678
4.235700
4.612989
