30.447222
30.194007
29.508158
30.793322
30.330934
30.486774
28.310590
26.770834
24.935647
23.342305
22.578068
21.089951
20.681486
15.974798
10.632294
8.557470
7.365215
5.770148
5.317994
5.107341
4.678301
4.715666
4.499417
4.387521
4.562575
4.461445
4.334003
4.465243
5.201266
6.956442
8.100055
10.031656
11.641102
12.944293
14.929829
15.988576
17.781886
18.469366
20.136142
20.291479
20.191516
20.849808
20.984935
22.057115
20.741462
20.103805
19.738905
18.611345
17.882594
16.116095
15.082648
13.558209
12.046479
11.540009
10.669977
10.033110
10.028138
