1.224828
1.133466
0.969916
0.836730
0.872370
0.937998
1.015545
1.177005
1.267746
1.419150
1.534326
1.751219
1.817704
2.073082
2.282840
2.464888
2.763961
2.964913
3.291772
3.428210
3.609996
3.984298
4.085731
4.445891
4.502795
4.568229
4.803432
4.665153
4.851981
4.771678
4.809204
5.012741
4.939631
5.247082
5.134846
4.411192
4.289767
4.071724
3.762004
3.851577
3.749856
3.560793
3.325252
3.121881
3.109345
2.920741
2.956383
2.822841
2.833373
3.075964
3.071155
3.252308
3.244763
3.358330
3.505857
3.333054
3.425075
3.414003
3.339643
3.211356
3.094490
3.144283
2.960347
2.666014
2.315494
1.897320
1.488714
0.853486
0.156453
0.088880
0.151608
0.024401
0.155644
0.147775
0.002420
0.099508
0.067376
0.002498
0.044543
0.115797
0.384496
0.217763
0.050984
0.271285
0.482121
0.138428
0.106134
0.492574
0.372279
0.074041
0.018260
0.332269
0.171797
0.108927
0.214080
0.463277
0.411560
0.408641
0.776216
1.022499
1.018495
1.165744
1.484801
1.742868
1.784855
2.010660
2.400577
2.634539
3.030889
3.355692
3.734105
3.979473
3.933576
4.374848
4.376415
4.312600
4.309152
4.006455
3.860409
3.416808
3.361470
3.137277
2.433194
1.784550
1.650722
1.968962
2.314062
2.995093
4.046779
4.819264
5.833126
6.251358
7.474295
7.937401
8.216121
9.116634
9.998094
11.296544
11.462893
12.974579
13.874284
14.338315
14.356160
14.526707
15.219409
15.266328
6.769259
6.055618
5.730679
5.591841
5.703102
5.437853
5.158966
5.136171
5.235706
