27.807749
27.785852
28.085147
26.244287
26.068006
23.086896
20.966979
21.996916
20.944660
20.120204
19.720976
18.227105
18.168390
16.335849
14.854046
14.091183
12.589042
10.995844
9.140137
7.896970
7.247893
6.689638
6.384539
5.620664
5.242809
5.339176
5.191033
3.533643
3.537001
3.331310
3.580890
3.538901
3.611718
3.508556
3.481327
3.561447
3.473018
3.482233
3.361170
3.300033
3.457183
3.435717
3.530015
3.739641
3.827639
4.026045
4.053949
4.186190
4.126371
4.125428
4.301902
4.495261
4.555581
4.501067
4.679373
4.881625
4.684559
4.899614
4.668644
4.509087
4.731711
4.794787
4.839590
5.029179
5.073152
5.455405
5.172762
5.103670
5.041685
5.063692
5.035230
4.994962
4.979479
5.153120
5.147842
5.200909
5.250301
5.453129
5.539353
5.720020
5.622034
5.499772
5.561981
5.759199
5.684618
5.591102
5.639813
5.586986
4.679497
4.469447
4.289205
4.274506
4.173301
