12.930206
12.611115
11.549881
11.304616
10.381833
10.109354
10.073937
10.016805
10.404524
10.032166
9.398955
8.683212
7.913084
7.101094
6.344983
6.091190
5.542680
5.301956
4.802372
4.553197
4.584891
4.594318
4.773900
5.053831
5.006018
4.946763
5.204119
5.322011
5.399772
5.213068
5.307162
5.551173
5.387353
5.380139
5.435184
5.393472
5.563717
5.594921
5.466419
5.614795
5.806070
5.899528
5.955139
5.827697
5.861920
6.046487
6.020582
5.914546
5.929297
6.052627
6.171866
6.382183
6.274699
6.080827
6.428228
