4.109386
3.623024
3.143309
3.029341
2.863078
3.036398
3.318270
4.196228
5.424192
6.393466
7.694559
8.741802
10.693142
11.971007
13.205557
14.133890
15.804115
16.533266
16.785424
17.554240
17.854258
18.862030
19.034655
19.061305
20.014722
19.509882
20.583927
20.675862
20.171080
20.983951
20.356924
20.660615
18.784546
17.574271
17.151174
15.611502
15.180671
13.897225
13.466564
13.375972
13.273314
13.801999
13.256185
12.271215
11.131025
9.905917
8.630992
7.496999
6.997552
6.178848
5.655610
4.916368
4.527792
4.512026
4.458176
4.689839
5.171857
5.586307
5.376917
5.219464
5.410719
5.573932
5.691923
5.809357
5.656676
5.683599
5.889628
5.697297
5.757728
5.873215
6.039986
5.929732
6.348598
6.160094
6.435429
6.323659
6.889590
6.799357
7.035255
6.843139
6.494258
6.513079
