2.351044
2.191637
2.082519
2.166919
2.469818
2.847947
3.143647
3.572615
3.769694
4.319211
4.484602
4.624394
4.788056
4.972147
5.008048
5.100551
5.032216
5.122049
5.374552
5.351619
5.558207
5.489857
5.605236
5.852550
6.036584
6.022810
5.918281
6.011911
6.230436
6.208670
6.203060
6.149298
6.185289
6.446767
6.477276
6.365080
6.302965
6.363149
6.499136
6.610472
6.538621
6.405903
6.571673
6.547610
6.613424
6.582248
6.501226
6.661861
6.527836
6.732421
6.631196
6.414428
6.798761
6.499663
6.691174
6.625496
6.413932
6.794466
6.461578
6.564493
6.387718
6.024065
6.242546
5.845765
5.891449
5.719715
5.583437
5.555542
5.383783
5.435417
5.207843
5.306494
5.149049
5.026789
5.065426
4.804344
4.925813
4.815299
4.690622
4.576487
4.418324
4.481397
4.433760
4.426526
4.350367
4.187757
4.301470
4.091764
3.934106
3.848379
