4.958200
4.836254
5.169366
5.124485
5.271011
5.359866
5.377569
5.623081
5.609855
5.651450
5.670538
5.694445
5.968101
5.926115
6.229328
6.204403
6.235588
6.456652
6.433397
6.711408
6.664432
6.702831
6.983123
6.942927
7.012090
7.051922
7.064304
7.356497
7.222436
7.562249
7.435810
7.415680
7.657369
7.447485
7.749066
7.697507
7.646842
7.916229
7.716211
7.984880
7.884969
7.807170
8.056043
7.796432
8.075456
7.995347
7.927655
8.202867
7.948790
8.363297
7.955810
7.972752
8.158475
7.818322
8.151153
7.644639
7.630343
7.920726
7.640397
8.056864
7.535357
7.460215
7.639367
7.311650
7.638282
7.292832
7.215036
7.451637
7.345727
7.161919
7.046654
6.964710
7.167695
6.936484
