0.021238
0.018172
0.018693
0.020373
0.019748
0.016943
0.018604
0.020009
0.018100
0.018400
0.018940
0.017276
0.014699
0.020545
0.022344
0.014903
0.016422
0.020175
0.020745
0.018927
0.016139
0.015747
0.017900
0.017115
0.016051
0.014164
0.017043
0.016671
0.012205
0.015457
0.016523
0.013204
0.013538
0.015302
0.014350
0.012698
0.012626
0.014489
0.013751
0.012108
0.013063
0.014631
0.013351
0.012582
0.013590
0.013422
0.013701
0.013808
0.013561
0.012505
0.013039
0.013595
0.015014
0.012427
0.011082
0.013711
0.013871
0.010609
0.011802
0.014167
0.009452
0.013727
0.011930
0.011390
0.011005
0.012834
0.009927
0.010010
0.013472
0.004999
0.011041
0.012494
0.012366
0.010168
0.008893
0.019491
0.016659
0.007567
0.005765
0.007461
0.014697
0.018942
0.008763
0.009222
0.016772
0.008036
0.012109
0.009110
0.007106
0.013180
0.016732
0.004551
0.006858
0.018323
0.012438
0.003652
0.011402
0.013875
0.011861
0.012569
0.010922
0.013496
0.014031
0.012119
0.011932
0.013789
0.003471
0.013311
0.016015
0.004073
0.005554
0.017407
0.008541
0.002147
0.014722
0.015529
0.008559
0.009002
0.014788
0.014494
0.014437
0.009436
0.009952
0.018505
0.009816
0.002528
0.016717
0.011977
0.004921
0.014324
0.014853
0.008868
0.015421
0.006996
0.012088
0.009578
0.004352
0.015485
0.016747
0.003874
0.006107
0.017362
0.016796
0.009004
0.017473
0.016775
0.016016
0.016325
0.016949
0.018086
0.016543
0.009897
0.019489
0.010108
0.009450
0.006704
0.018057
0.003457
0.013539
0.018178
0.014939
0.016398
0.018342
0.017981
0.016760
0.004026
0.014869
0.010202
0.009986
0.017084
0.004940
0.010476
0.016012
0.018718
0.012773
0.013851
0.017768
0.016721
0.004031
0.018492
0.021292
0.014491
0.018410
0.022182
0.010805
0.005997
0.018287
0.015877
0.019980
0.011187
0.032018
0.016850
0.024979
0.021855
0.025320
0.048509
0.064358
0.092937
0.133909
0.169970
0.197734
0.249336
0.320195
0.362525
0.435805
0.477382
0.495675
0.521886
0.513835
0.538385
0.514471
0.492555
0.493462
0.466713
0.460218
0.442588
0.429975
0.434622
0.413327
0.403384
0.406928
0.439785
0.486498
0.495475
0.546692
0.604085
0.686250
0.780233
0.824572
0.908525
0.951212
0.958413
1.041765
1.069167
1.079530
0.993787
0.905233
0.818130
0.778273
0.709189
0.652577
0.658767
0.617711
0.617156
0.603298
0.606965
0.633424
0.620235
0.611710
0.596249
0.579840
0.600724
0.590393
0.591094
0.564110
0.576975
0.603384
0.540063
0.507463
0.463239
0.423827
0.402929
0.376241
0.386261
0.409662
0.444791
0.518932
0.556776
0.622879
0.641420
0.668846
0.752754
0.782897
0.897578
0.982854
1.057553
1.188818
1.264093
1.398340
1.455634
1.520485
1.670963
1.708827
1.863290
1.896011
1.913330
2.003081
1.944261
2.041849
2.031945
2.049526
2.129554
2.078802
2.207166
2.177078
2.139551
2.262264
2.211995
2.258480
2.096831
2.046267
2.016892
1.938649
1.955773
1.930504
1.843240
1.735613
1.609470
1.669747
1.644477
1.552474
1.435095
1.333251
1.325081
1.249278
1.272050
1.222225
1.232683
1.338907
1.330651
1.394437
1.377661
1.403691
1.480060
1.427997
1.473718
1.465955
1.430543
1.380486
1.330446
1.344813
1.266383
1.008248
0.838721
0.656472
0.377359
0.073321
0.047450
0.080695
0.013026
0.083261
0.078958
0.001293
0.053225
0.035989
0.001337
0.023745
0.061701
0.205117
0.116059
0.027161
0.144422
0.256603
0.073689
0.056625
0.263308
0.198824
0.039550
0.009790
0.177979
0.165470
0.123135
0.264597
0.434199
0.471897
0.511283
0.739130
0.872506
0.909368
1.011984
1.178825
1.356612
1.401091
1.539990
1.791134
1.936120
2.239305
2.484844
2.779397
3.058688
3.124215
3.501898
3.622485
3.722338
3.917560
3.845650
3.954575
3.802420
3.842917
3.811392
3.535615
3.305505
2.941159
2.932113
2.792775
2.504248
2.326299
2.047089
1.940977
1.623287
1.501333
1.315174
1.246748
1.143857
0.870248
0.735958
0.599199
0.453403
0.421899
