2.668518
2.412451
2.091350
1.832210
1.771871
1.811771
1.947206
1.989024
2.159059
2.313606
2.517513
2.543806
2.614349
2.861240
2.810948
3.023385
3.160464
3.358955
3.765069
3.976446
4.539727
4.962530
5.329106
5.592015
5.516231
5.729123
5.674743
5.847879
5.934991
5.858337
6.039963
5.909414
5.738498
5.412028
4.934075
4.954391
4.786604
4.647545
4.495757
4.462639
4.771076
4.852451
4.852306
4.979686
5.333458
5.161696
5.192381
5.405383
5.423964
5.514634
5.387392
5.227443
5.424303
5.269755
5.242942
5.110072
4.859418
