22.217436
23.068540
21.259961
20.365391
18.811473
17.134039
16.284374
14.920559
13.374857
12.476730
11.193964
10.584463
10.198643
9.780391
9.412682
9.161374
8.605758
8.030696
7.150329
6.744664
6.928991
6.682104
6.558699
6.424278
6.217574
6.315153
6.248370
5.557646
5.070070
4.788991
4.724918
4.928273
5.018830
5.102621
5.368391
5.566437
6.101599
6.087785
6.034472
6.334858
6.285413
6.547394
6.326917
6.218523
6.366303
6.077174
5.568494
5.460795
5.391057
5.313991
5.117352
5.047647
5.024332
4.859953
4.985315
4.991450
4.814800
4.867432
5.068924
4.994854
5.119524
5.010157
5.136307
5.237644
5.081867
5.237149
5.064704
5.202707
5.403295
5.300379
5.257972
5.495932
5.420755
5.563716
5.450918
5.408440
5.556267
5.567168
5.674838
5.386597
5.303792
5.551438
5.441650
5.458176
5.196488
5.101714
5.259003
5.258648
5.113133
4.918158
4.757206
4.767184
4.656553
4.678284
4.488102
4.422017
4.570052
4.361131
4.467997
4.343637
