2.391510
2.682625
4.191875
5.342882
6.101061
7.336410
8.468159
9.910482
10.378751
10.769197
11.103988
12.109116
12.190364
12.477386
13.385417
13.387188
13.565581
12.692686
12.573451
12.746632
11.264289
10.309410
10.532493
10.390485
10.905974
10.425772
10.100572
9.996935
9.350155
9.433015
8.585164
7.977055
7.726083
7.105611
6.424605
5.678714
5.231594
5.080693
4.847556
4.789009
4.457865
4.319449
4.458002
4.361556
4.393931
4.295176
4.285372
4.499622
4.278900
4.294413
4.146779
4.003333
3.968275
3.679138
3.770578
3.670899
3.713983
3.766305
3.546308
3.616829
3.795978
3.747671
3.824896
3.728091
3.709488
3.805374
3.718163
3.711900
3.624599
3.569986
3.749031
3.721697
3.806125
3.977931
4.019870
4.206230
4.197371
4.313926
4.242538
4.254455
4.442024
4.589008
4.486063
4.474066
4.732969
4.516856
4.662155
4.598603
4.712692
4.940954
4.756888
4.950365
4.739532
4.643809
4.859610
4.817909
4.840948
5.026505
5.010733
5.343692
5.098583
5.102172
5.058941
5.116465
5.065803
