4.484934
4.193084
4.002943
4.016890
3.794898
3.434279
3.278933
3.159143
3.049190
2.793157
2.516857
2.312796
2.078026
1.912980
1.832765
1.751403
1.822286
1.808658
1.780369
1.857234
1.784116
1.959539
1.925737
1.935029
1.936169
1.986556
2.107366
2.144696
2.271862
2.216467
2.223926
2.228899
2.216722
2.223232
2.074174
1.951716
1.926495
1.799563
1.693394
1.559368
1.557532
1.754642
1.864042
2.101113
2.233507
2.436323
2.489435
2.406537
2.584550
2.549333
2.610800
2.575736
2.487325
2.584074
2.500308
2.567989
2.687181
2.648165
2.657929
2.527433
2.601486
2.554767
2.435555
2.567111
2.518499
2.575403
2.646870
2.633443
2.782390
2.757326
2.926035
2.954489
2.993726
3.163527
3.129110
3.307491
3.330864
3.366330
3.564136
3.547928
3.777864
3.842922
3.903736
4.051488
3.946353
4.088742
4.042231
4.093723
4.113645
4.037508
4.174519
4.117176
4.108122
4.061930
3.961581
4.124478
4.099323
4.128851
4.142625
4.159007
4.348138
4.347163
4.375443
4.408012
4.374518
4.503013
4.460722
4.454507
4.412542
4.370465
4.488008
4.424691
4.417756
4.347629
4.268953
4.389294
4.326578
4.308323
4.259829
4.175341
4.259666
4.163704
4.058405
3.986268
3.846255
3.902003
3.753699
3.647473
3.594762
3.498466
3.542835
3.416326
3.294813
3.349843
3.212045
3.267524
3.117397
3.122647
3.112073
2.961426
2.964064
2.812255
2.683785
2.657648
2.485773
2.536994
2.488802
2.524523
2.667041
2.696503
2.989250
3.138903
3.305348
3.669394
3.978279
4.310357
5.303737
5.190470
5.515287
5.724343
5.832805
6.120694
6.059906
6.419500
6.482205
6.603133
6.801197
6.915232
7.343400
7.360809
7.474900
7.650165
7.706725
7.806184
7.173728
6.982717
6.457135
5.813937
5.403581
4.984012
4.752188
4.384462
3.648087
3.187443
2.627623
2.220653
2.108348
2.130639
2.372939
2.680050
3.056346
3.410430
3.651665
3.924544
4.096457
4.048165
4.423140
4.639178
4.596010
