5.051858
5.505691
5.505691
5.474439
5.612311
5.800528
5.493327
5.478528
5.310943
4.870183
4.752069
4.568520
4.479003
4.324699
3.975949
3.856795
3.641121
3.485065
3.570667
3.516547
3.713279
3.790627
3.900082
4.185423
4.293745
4.437816
4.538465
4.792870
4.892083
4.865067
5.039323
4.890616
5.055889
4.977486
4.774561
4.907228
4.794322
5.001904
5.120890
5.225102
5.802268
6.117182
6.672361
7.258067
7.883679
8.392608
8.844436
9.937445
10.332802
10.761758
10.469243
10.573842
11.398869
11.260256
11.783089
11.416698
11.312058
11.635054
10.823009
10.840667
10.642762
10.051771
9.188433
8.118516
7.346762
5.569858
