5.532321
5.619239
5.347598
5.369766
5.045393
4.997461
4.948585
4.586441
4.783339
4.781122
4.500811
4.488115
4.313501
4.388509
4.108829
4.044752
4.121093
3.656456
3.485320
3.022841
2.831321
2.312847
1.901835
1.799634
1.631652
1.591366
1.519540
1.610321
1.647751
1.651205
1.704776
1.629161
1.640328
1.493047
1.593531
1.758527
1.838458
2.072680
2.535123
3.155453
3.367370
3.647458
3.962485
4.094789
4.265364
4.157697
4.239295
4.071463
4.138658
4.080304
3.922796
4.050754
3.973031
3.972359
3.771931
3.672114
3.787032
3.662629
3.710139
3.910300
4.201471
4.335386
4.480595
4.940108
4.834846
5.058809
5.134591
5.159382
5.357862
5.098130
5.293259
5.003634
4.857084
4.819248
4.677183
4.751782
4.573218
4.527085
4.426517
4.292101
4.403132
4.344766
4.546279
4.400939
4.292015
4.332421
4.182187
4.347463
4.249253
4.136845
4.246626
4.114624
4.180484
4.065974
3.948295
4.079593
3.894543
4.004230
3.948653
3.929806
4.091034
4.046435
4.170757
4.121342
4.028173
4.136083
4.021672
4.154709
4.120465
4.144326
4.228987
4.204822
4.386065
4.470205
4.581705
4.648659
4.540819
4.728230
4.680291
4.849673
4.779472
4.670589
4.919618
4.833211
4.955800
4.847762
4.833560
4.944751
4.840772
4.924585
4.720038
4.887028
4.731972
4.577906
4.606512
4.356320
4.251436
4.129122
3.958564
3.972529
3.732589
3.770976
3.612234
3.553868
3.471045
3.307747
3.334335
3.152299
3.182405
3.070593
2.998747
3.028550
2.900292
2.983154
2.970041
2.949054
2.954438
2.751063
2.705553
2.417819
2.287946
2.309105
2.257324
2.349577
2.332003
2.473051
2.347656
2.113969
2.069808
2.159459
2.432456
2.220718
2.235848
2.639953
2.808320
3.095512
3.800842
4.337321
3.882593
3.636777
4.458241
4.370453
4.116756
4.432053
4.457943
4.973962
5.351259
5.454368
5.744249
6.376757
7.381918
7.713950
7.825345
8.222946
7.352642
7.803578
8.313709
8.539709
8.274236
8.120610
8.507853
8.530555
9.675625
9.851664
8.861166
8.896632
8.770321
8.449501
7.272318
6.304952
5.532092
4.268133
3.177625
2.219599
1.700025
1.607098
1.904239
2.355483
2.776388
3.378559
3.395241
3.421422
3.435166
3.458657
3.256125
3.103349
3.325254
3.301268
