0.015887
0.013989
0.015014
0.014191
0.012979
0.013657
0.014081
0.013751
0.013099
0.013005
0.013880
0.013274
0.014227
0.013590
0.013187
0.013606
0.013180
0.013502
0.013308
0.012691
0.013595
0.013398
0.014531
0.013635
0.013725
0.012587
0.016926
0.011989
0.017913
0.015058
0.014421
0.011244
0.011360
0.011832
0.010568
0.010434
0.016471
0.011943
0.007660
0.007169
0.012736
0.019491
0.010718
0.014639
0.013288
0.025158
0.007135
0.006064
0.014902
0.020200
0.020510
0.015964
0.017217
0.010876
0.014958
0.010549
0.005795
0.017892
0.016505
0.014760
0.006413
0.015379
0.022282
0.011178
0.003624
0.010810
0.016101
0.013815
0.011900
0.011663
0.016629
0.011980
0.011203
0.013466
0.012689
0.007258
0.013682
0.015529
0.003145
0.009157
0.014605
0.008916
0.003480
0.013769
0.016991
0.010999
0.008572
0.012241
0.016378
0.015473
0.009328
0.014269
0.015075
0.008999
0.008630
0.014424
0.009179
0.008449
0.018227
0.012321
0.007568
0.016918
0.003983
0.013646
0.008877
0.003082
0.018805
0.016854
0.002796
0.007496
0.016836
0.016796
0.011725
0.015343
0.016410
0.016541
0.016028
0.017442
0.016474
0.018120
0.011434
0.017084
0.011572
0.007381
0.006115
0.017537
0.004076
0.015180
0.016837
0.014362
0.018503
0.017284
0.017033
0.017748
0.002846
0.018509
0.008583
0.009426
0.018625
0.002561
0.009231
0.014844
0.019818
0.013210
0.012784
0.019913
0.013922
0.002881
0.020142
0.019285
0.014757
0.018830
0.020249
0.005927
0.003874
0.016674
0.010050
0.016886
0.037166
0.072473
0.050814
0.019826
0.033703
0.035818
0.031788
0.047490
0.069652
0.091429
0.119467
0.140530
0.173008
0.222731
0.252542
0.299387
0.326868
0.341813
0.362006
0.352707
0.364525
0.349130
0.335410
0.339007
0.317531
0.311334
0.302708
0.296913
0.302133
0.286484
0.278116
0.276234
0.300568
0.335359
0.343866
0.379337
0.421114
0.481429
0.548622
0.578788
0.643828
0.706215
0.780532
0.797401
0.801005
0.754794
0.692531
0.682211
0.630686
0.593918
0.532374
0.500263
0.502427
0.460635
0.460667
0.459510
0.463870
0.470232
0.452692
0.460180
0.451153
0.421600
0.432528
0.432833
0.432468
0.407822
0.420333
0.442058
0.388101
0.358328
0.329087
0.306669
0.285412
0.258317
0.269784
0.293366
0.320848
0.360051
0.384516
0.428517
0.448337
0.472844
0.539870
0.555868
0.629358
0.695664
0.846909
0.900807
0.999150
1.039994
1.090175
1.201718
1.228600
1.336171
1.352751
1.449483
1.437898
1.518711
