4.495724
4.783091
4.557694
4.729153
4.593585
4.764461
4.756202
4.668640
4.862721
4.755145
4.914494
4.854687
4.723796
4.829154
4.580930
4.671526
4.585623
4.522446
4.707005
4.609646
4.786560
4.755983
4.654948
4.862614
4.768944
4.953857
4.943520
4.977463
5.206134
5.081104
5.292579
5.261392
5.220865
5.387034
5.286862
5.442132
5.364164
5.467879
5.598483
5.607841
5.901249
5.837352
5.841287
6.020241
5.953181
6.269494
6.120569
6.462605
6.474173
6.438085
6.646336
6.455092
6.633444
6.607851
6.463551
6.543853
6.284975
6.106966
6.076990
5.620038
5.474816
5.180494
4.883759
5.100263
5.317109
7.478833
8.069819
8.688882
9.467381
10.100156
11.020880
12.160481
12.459637
12.715772
13.221694
14.483282
14.685740
14.394418
13.906037
14.432884
13.766524
13.267284
