22.434450
20.785946
19.406331
18.061422
16.745611
16.054219
14.896851
14.146307
12.721057
10.786956
8.571919
6.657849
5.217906
4.419713
3.694081
3.740445
3.860371
3.878220
4.188102
3.975055
3.915339
4.274207
4.211740
3.708509
3.181414
2.964716
3.851659
4.688714
6.077094
7.336995
8.399227
9.960766
10.839494
12.130733
12.747415
13.937637
14.078565
13.909916
14.375325
14.488960
15.247747
14.297356
13.730672
13.400820
12.595264
12.115327
10.891457
10.170570
9.116798
8.112221
7.846791
7.295014
6.907723
7.028765
6.577587
6.436881
5.982156
5.630149
5.589571
5.320736
5.127378
5.281291
5.110054
5.250310
5.158197
5.042333
5.202725
5.058606
5.215719
5.077453
4.943889
5.033478
4.862729
4.832576
4.826828
4.764537
4.861452
4.687594
4.841636
4.726988
4.656768
4.808247
4.771822
4.744342
4.678841
4.625485
4.771318
4.599579
4.773277
4.672186
4.732122
4.729710
4.659040
4.829516
4.739055
4.675692
4.809540
4.667687
4.815308
4.726721
4.529611
4.832905
4.603227
4.776756
4.649014
4.816758
4.791004
4.714795
4.908865
4.796627
4.956011
4.903681
4.797752
4.929574
4.732160
4.848055
4.772725
4.701921
4.882912
4.787813
4.960081
4.925534
4.837265
5.033742
4.921912
5.092107
5.060169
5.047776
5.272727
5.151344
5.342956
5.267687
5.426272
5.310775
5.484268
5.415114
5.496149
5.587389
5.565450
5.760690
