4.712941
4.779005
4.694090
4.572046
4.397114
4.297463
4.334669
4.260875
4.045001
3.993482
3.861379
3.887362
3.815006
3.595401
3.524178
3.502028
3.299452
3.419219
3.699990
4.614612
5.462746
6.520755
7.674645
9.001266
10.308769
11.423903
12.107110
13.202631
14.030306
14.930958
15.508309
16.521553
16.243540
16.159714
17.236493
16.701640
16.683727
15.824357
16.089989
17.141186
16.235425
15.961782
17.049453
16.952977
17.266808
16.433207
16.280298
15.965172
16.217295
16.066756
16.409699
16.243489
16.361892
15.699952
14.679671
13.991441
12.938706
12.267418
11.370659
10.574440
10.638074
10.831740
11.390624
11.498875
12.007933
12.833283
13.141387
14.007586
14.141453
14.388360
15.441874
16.000529
17.455716
18.145563
18.068214
18.422342
18.932413
19.062826
18.212769
18.586975
18.397536
18.724065
18.554077
18.217470
18.552056
18.200278
15.892633
14.395762
13.831365
12.327453
11.661671
10.912165
9.823070
9.400707
8.762398
8.371213
7.971769
7.610965
7.330760
7.069664
6.416283
6.693196
6.182878
5.755977
