4.284616
4.112974
4.128409
4.148262
3.912088
3.837100
3.647536
3.727526
3.736673
3.474257
3.377973
3.396827
3.199286
3.516489
4.023434
4.929663
5.631061
6.520783
7.475934
8.627192
9.701904
10.628015
11.207923
12.108434
12.791947
13.572802
14.089682
14.976271
14.759127
14.636998
15.670200
15.157407
15.029849
14.275979
14.623232
15.525329
14.735852
14.361972
13.929321
14.238330
13.928645
13.894750
13.065750
11.872264
10.955871
9.770431
8.867736
8.047411
7.168447
7.258651
8.030403
8.907700
9.745219
10.075836
13.079140
14.211109
15.959605
16.858788
16.945213
18.215476
18.446102
18.800987
16.904600
15.653917
8.291064
