4.357393
4.151587
4.011475
3.707570
3.688625
3.456557
3.504152
3.548294
3.889474
4.112876
4.242330
4.181848
4.236508
4.221119
4.494655
4.794499
4.573442
4.624995
4.461222
4.542572
4.369895
4.285389
3.957150
3.593491
3.541079
3.387520
3.286129
3.422429
3.445214
3.710747
3.969286
4.600311
5.471015
6.057410
7.006326
7.733099
9.092657
9.931544
10.813250
11.405834
12.618979
13.135613
13.268632
13.812955
13.972654
14.677683
14.781232
14.756699
15.591393
15.077378
15.921493
16.010625
15.809056
16.323392
15.851829
16.129536
14.779673
13.939190
13.688027
12.618816
12.423346
11.412523
11.107822
11.072621
10.972513
11.431610
11.005935
10.270530
9.418514
8.506843
7.540098
6.658403
6.312216
5.671797
5.360193
4.814433
4.551358
4.578604
4.583285
4.767149
5.052590
5.005280
4.942065
5.197390
5.320583
5.395132
5.206419
5.298124
5.542719
5.376144
5.373359
5.419198
5.387488
5.559936
5.742209
5.459105
5.605544
5.798210
5.891298
5.946778
5.816955
5.851287
6.040390
6.018606
6.239683
6.741934
6.971442
6.478086
6.857475
6.619278
6.404685
6.743507
7.180070
7.076528
