3.774899
3.807734
3.662592
3.726412
3.542867
3.306466
3.390921
3.256164
3.260680
3.070178
2.954554
2.865820
2.583252
2.530986
2.377171
2.142623
1.950880
1.738551
1.675531
1.476683
1.239152
1.123648
0.911278
0.767975
0.663485
0.715210
0.738623
0.719260
0.772940
0.844394
0.805731
0.787932
0.782370
0.854361
0.846302
0.869055
0.939326
0.986128
1.092892
1.149801
1.208922
1.293420
1.361857
1.416802
1.491557
1.539734
1.663414
1.684223
1.887666
1.919073
2.046682
2.078608
2.085415
2.225757
2.267127
2.437392
2.333121
2.345896
2.561659
2.474447
2.522049
2.633108
2.801256
2.909457
3.221632
3.869430
4.193559
4.932303
5.557947
6.368695
7.446188
8.184269
8.848063
9.537332
15.358465
15.632220
16.433109
15.569885
15.632170
16.204201
16.481677
16.483973
16.630578
18.283679
18.678709
18.698109
19.266597
19.672997
20.446889
19.686754
20.263855
19.822891
19.768657
20.067195
18.793946
19.486375
17.971079
16.328646
16.070322
14.823226
13.922164
12.461138
11.028623
10.072927
7.983805
6.495958
4.318732
