5.114050
5.275591
5.097111
4.941597
5.063128
4.781667
4.803416
4.421113
4.114657
3.754856
3.296299
2.918152
2.533607
2.325625
2.282854
2.347613
2.599039
2.815765
3.261565
3.850632
4.178456
4.593936
4.703913
5.030795
5.664309
5.894587
6.559519
6.762052
6.922543
7.387246
7.804398
8.714079
9.106492
9.734658
10.472248
10.633760
11.436557
11.408295
11.226827
11.529583
10.995939
11.026120
10.115610
8.865702
7.828951
6.304936
5.124638
3.681649
2.678133
1.801669
1.106499
1.264594
1.599389
1.958660
2.563870
3.211598
3.364857
3.816905
4.109351
4.247859
4.250957
4.248919
4.668286
4.480724
4.627889
4.550009
