3.167073
3.534643
3.858584
3.794793
3.859550
4.289132
4.292564
4.466300
4.405302
4.348206
4.384317
3.932531
3.994906
4.036542
3.981738
3.725981
3.275709
3.046259
2.843331
2.891208
3.159035
3.171709
3.431130
3.423103
3.375445
3.560764
3.561537
3.750143
4.099741
4.158849
4.459558
4.508517
4.604270
4.832412
4.801244
5.055805
5.049187
4.988064
5.168102
5.197632
5.232307
5.296560
5.272462
5.469264
5.331148
5.237175
5.224362
5.060841
5.113959
4.915306
5.052505
4.919909
4.809630
4.936599
4.779562
4.994666
5.035419
5.086889
5.429175
5.659369
5.798306
5.749259
5.981702
5.903176
5.834446
6.036524
5.895090
6.160886
6.025140
6.026864
6.261796
6.034567
6.160492
6.018057
5.866814
5.998900
5.730648
5.832703
5.728810
5.811827
5.614227
5.621696
5.756530
5.632305
5.907573
5.676579
5.668691
5.847321
5.691501
5.936291
5.859401
5.734818
5.940010
5.774606
5.937282
5.835035
5.661013
5.793396
5.749642
5.556145
5.531495
5.342095
5.277102
5.193918
