6.682596
6.853125
6.561640
6.651341
6.745129
5.900575
5.435061
5.282762
4.960400
4.684003
4.068731
3.612055
2.777221
4.828294
6.174038
7.489941
7.972873
8.605310
9.663390
9.794663
10.479383
10.651218
10.963874
11.559361
11.863133
12.755565
14.192108
14.873701
16.082096
17.534718
18.550136
19.953305
20.852914
20.426371
21.130841
20.592807
20.576192
21.129001
19.997203
18.848981
16.416068
14.441342
13.330928
11.364399
10.304221
9.855308
9.283187
9.105270
8.882097
8.088522
7.134163
6.333753
5.880957
5.403773
5.031724
4.750098
4.616126
4.320537
4.467223
4.280043
4.347422
4.886605
5.390571
6.275933
7.079590
7.782469
8.903105
9.625789
10.733468
11.091862
11.429085
11.592044
12.462827
12.483961
12.752920
13.498818
13.387880
13.627669
12.876370
12.840018
13.189103
11.837624
11.067006
11.320571
11.192174
11.759209
11.274266
11.014963
10.959317
10.287628
10.343524
9.479384
5.022907
4.478508
4.605098
