2.564079
2.449825
2.726428
2.642397
2.548114
2.664038
2.545367
2.604861
2.749520
2.682516
2.580729
2.354454
2.346171
2.111575
1.875875
1.957515
1.899769
1.956206
2.086196
2.114916
2.278070
2.408245
2.608691
2.634967
2.698647
2.928442
2.884985
3.089207
3.200295
3.360675
3.718284
3.877163
4.367965
4.708067
5.009047
5.245413
5.158440
5.357701
5.307572
5.453881
5.523187
5.451457
5.624047
5.520815
5.416470
5.127379
4.742467
4.795565
4.678617
4.568285
4.429032
4.684790
4.771424
5.143440
5.176616
5.237040
4.937959
4.734918
4.583666
4.427636
4.337951
4.115348
4.216829
3.914310
3.725844
3.679719
3.626858
3.405037
3.280678
