6.954841
7.152519
6.262275
5.600063
4.849939
4.128004
4.356944
5.187076
6.875376
8.642658
9.722144
10.501550
10.850165
11.902400
13.119049
13.193963
14.214689
14.830742
15.681008
17.397150
18.008153
18.302752
19.005958
20.769598
21.055348
21.055442
20.171516
20.825715
20.466422
19.881423
20.013127
19.159661
18.558009
17.980064
16.765340
15.989353
14.782090
15.103992
14.957895
14.818551
15.288265
14.859833
15.284401
15.114640
15.598908
16.347073
16.434298
17.226436
17.528205
18.242382
19.026141
19.261449
20.448401
20.733355
21.116957
21.412961
21.133184
22.160720
22.103991
22.315065
22.505792
22.284239
23.244402
21.501392
20.677870
19.209608
17.684907
16.968254
15.770035
14.330948
13.592882
12.458209
12.028557
11.738873
11.316752
11.002312
10.850532
10.305504
9.829598
8.955693
8.582838
8.842689
8.568471
8.431783
8.282629
8.091686
8.240627
8.102491
7.233761
6.404670
5.720744
5.282532
4.887032
4.461929
4.351278
4.480280
4.350327
4.364805
4.276239
4.275090
4.485162
4.306026
4.456098
4.359727
4.362705
4.506816
4.541495
4.520672
4.687692
4.803794
5.026434
5.131574
5.138920
5.356962
5.567682
5.863780
5.913963
5.826524
5.931332
5.959785
5.753796
6.092335
5.995936
6.032032
6.179745
6.044547
6.182493
5.971141
6.042282
6.025792
5.823805
5.815365
5.985126
5.854518
5.780584
5.281318
5.278733
