4.216378
3.915092
3.726038
3.678090
3.624309
3.626335
3.405130
3.280711
3.309425
3.129562
3.232622
3.086460
3.082550
3.101583
2.942692
2.930086
2.663690
2.511182
2.965096
3.375759
3.877054
4.257536
5.042866
5.630695
6.100825
6.871873
7.397281
8.325299
8.545861
8.988920
9.575706
10.019209
10.621825
10.253433
10.834913
11.142138
13.000648
13.794076
13.831849
14.144291
14.470855
11.985339
11.593413
10.938332
10.680779
10.212360
9.065620
8.487908
7.406648
6.523299
5.917270
5.184255
5.040791
4.591306
4.259566
4.443776
4.428549
4.483093
4.555111
4.580392
4.785701
4.854424
4.828615
5.036675
4.948015
5.201933
5.250654
5.306904
5.447814
5.297031
5.841937
6.533136
9.404696
20.846130
