4.539448
4.613674
4.734515
4.898360
4.986823
5.331193
5.374204
5.434669
5.537255
5.597826
5.715039
5.326415
5.265049
4.980868
4.580355
4.413622
4.187073
4.086905
3.909909
3.518086
3.359587
3.132679
3.004764
3.111702
3.115166
3.343271
3.491001
3.676081
3.978961
4.124807
4.302465
4.420649
4.403174
4.696369
4.825942
4.794767
4.934411
4.755941
4.886697
4.774898
4.515591
4.645619
4.538355
4.692288
4.756093
4.832868
5.329231
5.547484
6.083353
6.673864
7.316230
7.782945
8.155595
9.198544
9.681096
10.377286
10.164708
10.270341
11.118719
11.158907
9.656623
8.917787
7.808858
6.869783
5.229307
3.468219
2.314272
1.426788
1.091459
1.095825
3.702819
3.877904
4.234232
4.311001
