4.220586
4.185110
4.038320
3.879174
3.905192
3.770045
3.958237
3.885368
3.956595
4.251609
4.213713
4.171898
4.333524
4.333566
4.426539
4.348577
4.396319
4.659976
4.661074
4.823160
4.660143
4.570886
4.724583
4.568631
4.496507
4.502952
4.379066
4.525076
4.472083
4.553006
4.454481
4.481761
4.673209
4.731482
4.641438
4.647059
4.870818
4.701445
4.870081
4.777501
4.768274
5.045258
4.886471
5.041177
4.867546
4.908430
5.108642
4.857872
4.843076
5.022444
4.907674
5.151197
4.979471
5.099861
5.083793
5.198011
5.114307
5.061617
5.056557
5.250579
5.291722
5.241770
5.166051
5.212253
5.250730
5.339145
5.288389
5.238623
5.198727
5.375228
5.380961
5.305358
5.214793
5.185283
5.327671
5.235530
5.038420
4.857000
4.742414
4.808605
4.722622
4.597899
4.421855
4.326072
4.363473
4.285674
4.072501
4.023015
3.892465
3.918292
3.835713
3.622382
3.555473
3.529400
3.322109
3.374411
3.301011
3.382777
3.441712
3.509308
3.519895
3.660740
3.783232
3.919423
3.905899
3.940079
3.978168
4.147452
4.141093
4.283024
4.167361
4.150590
4.398801
4.259570
4.359548
4.236332
4.345287
4.683392
4.511173
4.474555
4.732214
4.722881
4.902667
4.669855
4.816011
4.865376
4.906691
4.930215
5.016619
4.798250
4.644411
4.573866
4.388136
4.333522
4.185126
4.067394
4.107516
4.125847
4.219071
4.132566
4.222732
4.541309
4.603582
4.847461
4.833213
4.893199
5.250676
5.418442
6.095402
6.430323
6.390827
6.522424
6.812840
6.884616
6.571066
6.799597
6.848725
6.932864
6.914841
6.881616
6.985734
6.842437
6.973800
6.983803
6.594518
6.191310
5.626315
4.948660
4.618635
3.920402
3.590546
3.214858
1.360093
1.201466
0.998436
0.882829
0.876967
0.756341
0.594301
0.530737
0.512702
0.463108
0.399143
0.411551
0.557107
0.803515
1.116799
1.225407
1.280477
1.520417
1.664622
1.625710
