5.780966
6.186966
6.212127
6.290904
6.490335
6.551260
6.975006
6.881941
7.405459
7.515659
7.474821
7.796037
7.589837
7.676242
7.702024
7.546006
7.601911
7.276111
7.317772
6.977733
6.708272
6.905783
6.139640
5.586411
4.850392
3.896643
3.280081
3.171601
3.958283
5.082449
5.846420
6.362843
6.664202
7.441039
8.310944
8.427914
9.227762
9.696023
10.377509
11.691595
12.138098
12.536607
13.126973
14.368280
14.654329
14.594739
14.084421
14.492666
14.183345
13.831762
13.857729
13.293029
12.859804
12.306982
11.374602
10.915377
10.014085
10.227800
10.169283
10.053295
10.406418
10.363421
10.203354
10.546683
15.614023
15.470309
15.736140
14.608854
13.560481
12.514347
8.708183
8.561167
8.568268
8.265786
7.960066
7.351198
7.119465
7.368741
7.163612
7.121293
7.027195
6.908607
7.074477
7.003363
6.429543
5.939860
5.503624
5.195658
4.890346
4.471088
4.350138
4.465190
4.276368
4.143651
4.001105
4.017150
4.223720
3.989512
4.109094
4.042445
4.083364
4.250414
4.387112
4.461669
4.663038
4.797443
5.030984
5.130971
5.134318
5.334174
5.499621
5.767142
5.807753
5.709196
5.805911
5.864405
5.676436
5.992639
5.905457
5.956593
6.106255
5.974529
6.134549
5.939392
6.008683
5.994256
5.793166
5.779929
5.955426
5.830044
5.772990
5.495709
5.378392
5.528789
5.363092
5.377262
5.283876
5.279291
5.320855
5.191460
5.256086
5.164601
5.172711
5.303764
5.218062
5.121844
5.150960
5.195060
5.533755
5.399924
