0.018794
0.018290
0.019904
0.018000
0.021119
0.016185
0.017266
0.023658
0.018599
0.018223
0.020543
0.015681
0.015668
0.025517
0.028719
0.017996
0.016722
0.024273
0.039229
0.016061
0.024796
0.015959
0.018718
0.017282
0.016208
0.013727
0.019078
0.017223
0.018213
0.016376
0.019626
0.014573
0.013628
0.016576
0.014525
0.012787
0.012671
0.015555
0.013751
0.012484
0.013084
0.015718
0.013342
0.013282
0.013590
0.013508
0.013673
0.013758
0.013583
0.012601
0.012967
0.013595
0.016079
0.013853
0.012417
0.015734
0.016111
0.016650
0.011774
0.027009
0.014684
0.014238
0.012813
0.011448
0.011448
0.017826
0.009681
0.016027
0.020256
0.010957
0.009757
0.014010
0.029058
0.013735
0.023849
0.027770
0.024041
0.013513
0.011227
0.015512
0.018780
0.037245
0.024649
0.017649
0.021852
0.018953
0.013426
0.010489
0.019653
0.015711
0.022678
0.009781
0.016626
0.022116
0.011815
0.003174
0.011446
0.015592
0.012836
0.013874
0.011333
0.016147
0.013340
0.012327
0.012734
0.012826
0.007799
0.012466
0.020825
0.005985
0.009728
0.018234
0.008769
0.010685
0.009064
0.015210
0.015800
0.015171
0.009382
0.013482
0.019540
0.009565
0.010716
0.016081
0.013498
0.008516
0.017726
0.014518
0.008381
0.016534
0.006546
0.013009
0.009350
0.003616
0.018082
0.016791
0.005686
0.007301
0.017251
0.016796
0.011665
0.016226
0.016676
0.016383
0.016087
0.017234
0.017513
0.017833
0.011158
0.018772
0.011223
0.008374
0.006426
0.017697
0.003998
0.014780
0.017428
0.014517
0.018259
0.017678
0.017435
0.017546
0.003329
0.018048
0.009271
0.009551
0.018322
0.004387
0.009647
0.015142
0.019590
0.013100
0.013116
0.019542
0.015003
0.003473
0.019814
0.019927
0.014686
0.018720
0.020937
0.013121
0.005125
0.017235
0.014759
0.018581
0.046122
0.104202
0.066934
0.022811
0.033509
0.034763
0.051121
0.061556
0.089351
0.153056
0.197511
0.218424
0.282140
0.372799
0.421056
0.510246
0.567814
0.591558
0.622706
0.616327
0.652307
0.619016
0.598805
0.601103
0.569171
0.552444
0.538139
0.533577
0.544623
0.521840
0.490280
0.504078
0.570501
0.648359
0.669107
0.747567
0.848732
0.994110
1.136268
1.201690
1.347591
1.430715
1.471475
1.621084
1.670410
1.674652
1.546307
1.412780
1.282912
1.210163
1.091962
1.020461
1.027868
0.949588
0.947639
0.941527
0.951873
0.977970
0.951096
0.955244
0.939157
0.886751
0.920190
0.917966
0.915798
0.866808
0.894182
0.938049
0.829747
0.771300
0.710778
0.657242
0.618294
0.566648
0.591312
0.635525
0.693852
0.801609
0.855220
0.958824
0.990628
1.048534
1.188620
1.227485
1.401338
1.546712
1.676349
1.882979
2.005817
2.227046
2.315678
2.437089
2.687221
2.744603
2.984107
3.020138
3.053039
3.228052
3.106604
3.248515
3.196949
3.235493
3.384131
3.341085
3.551925
3.491907
3.423815
3.627179
3.508153
3.542565
3.315884
3.281596
3.270338
3.099168
3.066329
3.006471
2.934056
2.798361
2.601644
2.642659
2.577904
2.458258
2.304391
2.159793
2.143747
2.011521
2.045481
1.960076
1.970258
2.127067
2.118552
2.260344
2.250763
2.317074
2.415963
2.302262
2.361845
2.339693
2.296038
2.214260
2.133417
2.161722
2.038689
1.606780
1.312781
1.024837
0.591022
0.117332
0.053200
0.090925
0.014661
0.093047
0.088516
0.001451
0.059657
0.040330
0.001497
0.026700
0.069266
0.230104
0.130319
0.030438
0.161635
0.287839
0.082871
0.063644
0.295473
0.223805
0.044396
0.010983
0.199565
0.054444
0.109805
0.014965
0.103031
0.021120
0.028453
0.172924
0.320880
0.307562
0.374322
0.553831
0.677996
0.693996
0.804086
0.981979
1.090976
1.245044
1.380677
1.516996
1.544020
1.428460
1.518655
1.449051
1.330243
1.218645
1.013075
0.799163
0.535404
0.449390
0.356571
0.490611
1.064827
1.623278
2.049304
2.377236
2.891540
3.605490
4.063218
4.733196
4.906476
5.691093
5.919324
6.053285
6.508336
6.853581
7.511421
7.655361
8.441225
8.811577
9.019842
9.087221
9.182852
9.613367
