5.243074
5.431405
5.340631
5.579611
5.595193
5.604800
5.762898
5.394474
5.484287
5.219830
5.239530
4.952615
4.900676
4.863762
4.517273
4.700612
4.686710
4.439209
4.452289
4.285958
4.363384
4.112622
4.029840
4.124809
3.698424
3.571874
3.172840
3.059632
2.666061
2.403365
2.370519
2.189165
2.156608
2.062045
2.179040
2.215390
2.201142
2.256668
2.151965
2.171672
2.023273
2.118186
2.203689
2.261965
2.449345
2.714971
3.207697
3.342861
3.561143
3.788875
3.871578
4.059175
3.961807
4.038132
3.901318
3.936357
3.896594
3.756686
3.870705
3.797235
3.822563
3.662569
3.576642
3.645015
3.512515
3.562117
3.668687
3.861307
3.934266
4.011612
4.339894
4.210261
4.357849
4.361741
4.339455
4.463562
4.253231
4.403544
4.182887
4.067704
4.021374
3.920289
3.998742
3.875003
3.852432
3.789585
3.708341
3.824473
3.750397
3.920400
3.809043
3.741653
3.813904
3.704865
3.856484
3.773821
3.725977
3.885234
3.817077
3.941299
3.884704
3.801408
3.935029
3.790050
3.918685
3.896259
3.883242
4.051887
4.011331
4.131200
4.083124
3.998439
4.107897
3.996404
4.133725
4.099770
4.125425
4.207511
4.185766
4.368028
4.437290
4.541553
4.602829
4.501168
4.688355
4.639501
4.808158
4.733772
4.633320
4.869800
4.783353
4.905338
4.803197
4.794036
4.898844
4.802185
4.883939
4.683288
4.827317
4.698196
4.543729
4.581869
4.348499
4.249084
4.134307
3.966204
4.006029
3.770380
3.805708
3.653304
3.564250
3.398773
3.423414
3.237739
3.308557
3.200961
3.158839
3.207684
3.043026
3.114320
3.157388
3.170818
3.182671
2.958450
2.892986
2.568244
2.460514
2.522683
2.452258
2.524708
2.535836
2.751837
2.642017
2.364689
2.286975
2.419570
2.758882
2.531783
2.568554
3.044946
3.221826
3.553567
4.359568
4.965325
4.449319
4.188048
5.107523
5.006773
4.730769
5.072597
5.079181
5.654930
6.074883
6.228952
6.544293
7.252131
8.345543
8.733267
8.883008
9.330077
8.374137
8.901570
9.469448
9.697367
9.427608
9.262215
9.746887
9.762414
11.035189
11.259887
10.158698
10.234986
10.077738
9.759933
8.507606
7.416835
6.585381
5.178825
4.004561
2.918857
2.230738
1.824924
1.949227
2.326060
2.709004
3.303738
3.329194
3.349439
3.359591
3.387445
3.164012
3.012257
3.236264
3.203479
