4.865271
5.027788
5.187944
5.208203
5.179782
5.269380
5.104201
5.278191
5.094437
4.946597
5.075559
4.771760
4.778695
4.332368
3.961502
3.505072
2.941565
2.386039
1.822483
1.475734
1.268486
1.380006
1.785941
2.201807
2.832744
3.531029
3.912340
4.373706
4.576801
4.949307
5.683967
5.953620
6.657909
6.901198
7.015684
7.570182
8.019610
8.967416
9.366639
10.018410
10.829336
10.988765
11.821619
11.744452
11.602292
11.887530
11.492892
10.483353
9.255053
8.279324
6.766937
5.647229
4.246081
3.408771
2.715261
2.204052
2.148216
2.260307
2.520359
2.909501
3.453852
3.551363
3.952283
4.190848
4.313899
4.319320
4.321422
4.707413
4.527345
4.684388
4.596457
4.639119
4.597249
4.437473
4.566249
4.376106
4.361105
4.476915
4.352934
4.267129
4.165626
4.239595
4.098055
3.854103
3.954541
3.906136
3.946291
3.741962
3.446932
3.132741
2.387346
1.727514
0.998183
0.315966
0.025647
0.311346
0.794380
1.144522
1.425116
1.788644
