4.782848
4.663587
4.249317
3.981308
3.731878
3.902375
4.232743
4.935579
6.388994
8.300158
9.656631
11.117782
11.536663
12.254944
13.594018
13.581228
14.351723
14.506622
14.935382
15.825738
28.145387
18.230210
10.546709
9.401445
9.160571
1.649652
1.733628
2.394029
3.696272
5.418151
7.124857
8.621327
10.558217
12.330096
14.462849
15.162033
15.718665
16.278857
17.888807
18.102932
18.633616
20.066033
20.073257
20.256871
18.901559
18.702788
18.914648
16.500147
14.890444
15.088666
14.912823
15.582022
14.831854
14.251792
13.887279
12.834919
12.734753
11.515521
10.444775
9.890377
8.820051
7.712202
6.482148
5.704736
5.349117
4.999875
4.855802
4.426230
4.247337
4.373520
4.274852
4.307499
4.231341
4.219210
4.428108
4.212578
4.218732
4.073782
3.936543
3.940913
3.716853
3.847517
3.757559
3.810866
3.956566
3.806983
3.834390
4.008988
3.979981
4.065785
3.978192
3.984219
4.142183
4.088489
4.147874
4.012045
3.937770
4.098627
4.021038
4.055437
4.169083
4.151871
4.326855
4.306669
4.408682
4.327201
4.343769
4.529333
4.642807
4.544913
4.543457
4.788416
4.589163
4.742295
4.667857
4.734599
4.981267
4.806287
4.984168
4.786376
4.741226
4.951800
4.833477
5.024930
4.967823
5.259651
5.048219
5.069213
5.149759
5.086054
5.037226
5.028657
5.216258
5.241655
5.227859
5.194949
5.294556
5.349735
5.470157
5.404736
5.331030
5.326484
5.510281
5.488490
5.406831
5.365818
5.326938
5.443127
5.372133
5.190585
4.991270
4.846419
4.923432
4.850649
4.677464
4.489761
4.429555
4.475677
4.349431
4.146669
4.110022
4.007301
4.006526
3.880077
3.688665
3.636588
3.588056
3.373664
3.320578
3.079297
2.995114
2.979103
3.096814
3.275922
3.658081
4.113650
4.481443
4.705770
5.148223
5.509256
5.879681
6.204068
6.676256
6.559038
6.544119
6.959993
6.567615
