3.976464
3.844261
3.856330
3.872906
3.803554
3.890201
3.804403
3.793533
3.759102
3.706797
3.791357
3.718755
3.700751
3.684422
3.678280
3.807918
3.735935
3.653967
3.613097
3.543829
3.561536
3.565726
3.552958
3.493300
3.347974
3.439988
3.430536
3.312514
3.401205
3.317955
3.311941
3.156791
3.173391
3.125383
2.985132
3.006235
2.827941
2.690221
2.650095
2.453964
2.322408
2.024516
1.950623
2.201413
2.636492
3.615278
4.467947
5.141184
6.126024
6.940570
8.103722
8.494042
9.015542
9.813762
10.368609
11.055032
10.914776
11.694517
12.070415
12.277620
12.867613
12.647540
13.363191
13.566522
13.804767
14.200862
14.342274
15.209494
15.244721
15.546781
15.868748
15.982072
16.287445
15.301739
15.244348
14.516281
13.667550
13.371551
12.754849
12.440890
12.126443
11.183340
10.813474
9.886914
9.031591
8.597668
7.758089
7.647241
6.989473
6.366618
6.487055
6.234460
6.017485
5.913972
6.024709
7.472678
7.744043
8.872364
9.353638
10.509805
10.827860
11.619437
12.111077
12.709493
13.110027
13.354498
14.385730
14.535182
15.257276
14.890635
14.755899
15.677500
15.406270
15.925031
15.544706
15.321863
15.850284
14.959124
10.422347
8.744153
7.928528
6.864214
6.633262
6.559865
6.647488
6.864134
6.541849
5.983148
5.688742
5.205340
5.256727
5.052747
4.985009
5.171119
5.015978
5.224554
5.188610
5.151934
5.288901
5.237189
5.262657
5.343715
5.310319
5.493069
5.365844
5.281551
5.251106
5.100862
5.164660
4.944324
5.068965
4.940519
4.830318
