15.969533
16.334299
15.954936
16.487744
15.589588
15.702444
13.850915
12.396156
11.538778
10.183673
9.474874
8.311257
7.776687
7.568663
7.435934
7.687531
7.133837
6.241200
5.211787
4.288213
3.586401
3.284940
3.433909
3.554028
4.132906
4.412875
4.642091
4.841141
5.075715
5.070004
5.111937
5.038453
5.165656
5.418268
5.359146
5.598060
5.557925
5.678890
5.927215
6.203125
6.188200
6.040556
6.166778
6.395782
6.322233
6.353546
6.319809
6.327726
6.604708
6.617823
6.465217
6.419089
6.486163
6.610170
6.750881
6.685730
6.520588
6.695996
