10.699447
9.960868
9.748548
9.714827
8.574086
8.124839
7.505677
7.172248
6.483311
5.785344
5.297289
4.744605
4.353296
3.967026
3.880780
3.628095
3.166124
3.064741
2.911961
2.796746
2.509843
2.504762
2.495081
2.182243
2.100175
1.937665
1.853946
1.795645
1.593347
1.496554
1.375486
1.289822
1.211077
1.148356
1.080339
0.996152
0.948812
0.845877
0.831608
0.777516
0.733083
0.639827
0.559678
0.499212
0.389462
0.295134
0.224531
0.263079
0.284440
0.275170
0.346747
0.422527
0.474889
0.525007
0.530555
0.635469
0.715707
0.744404
0.823861
0.942766
1.132211
1.153092
1.136252
1.015647
0.824495
0.784391
0.762274
1.259011
1.905471
2.342891
2.959599
3.574652
4.466438
5.111937
6.088115
7.278063
8.109314
9.419836
