8.851431
9.074619
8.735615
8.741804
8.826831
8.726044
8.387045
8.321967
8.546822
8.064872
7.892131
8.013536
7.683042
7.920987
7.488330
7.337598
7.426056
7.077333
7.209417
6.789675
6.614436
6.646416
6.443873
6.159679
5.835768
5.663852
5.458850
5.313377
4.955636
4.670111
4.525895
4.330792
4.119015
3.827481
3.606125
3.403530
3.155637
2.916056
2.681289
2.429423
2.221399
1.991352
1.757479
1.503687
1.221888
1.184504
1.168839
1.191849
1.167622
1.166268
1.201265
1.185255
1.213913
1.196734
1.222021
1.327233
1.345905
1.295520
1.287923
1.351274
1.395634
1.287689
1.325649
1.289035
1.310433
1.424871
1.463796
1.640036
1.965753
2.320011
2.739040
3.115698
3.651654
4.367849
5.012018
5.490964
6.133492
6.689250
7.242733
7.955266
8.094084
8.971117
8.957012
9.208616
9.806491
10.083799
10.190055
10.082770
10.605192
10.462731
10.570245
9.995083
9.621280
9.743502
9.538772
9.507069
9.055707
8.867715
9.114227
8.515131
8.473659
8.037456
7.878359
7.970243
7.538126
7.671344
7.304953
7.124457
6.782677
6.566984
6.565526
6.277194
6.315017
6.032690
5.964432
6.007542
5.894598
5.690279
5.201386
4.887210
5.117530
5.249976
5.167434
5.080201
4.979872
5.008926
4.902989
4.933325
4.952135
4.991433
5.034335
4.861901
4.857288
4.898502
5.030754
4.951915
4.749626
4.671350
4.631084
4.600631
4.362205
4.320503
4.523823
4.490796
4.657518
4.955428
5.667328
6.415852
6.866498
8.069257
8.795273
9.429117
10.369914
10.824040
