15.265260
15.316362
14.668360
14.101325
13.007513
11.944579
11.301888
9.879329
9.055750
8.807354
8.369005
8.247492
7.931158
7.281080
6.502609
5.952937
5.651659
5.246329
4.916363
4.661812
4.569099
4.277563
4.432106
4.233830
4.283568
4.780875
5.231947
6.054929
6.824532
7.486785
8.584158
9.383823
10.498790
13.630830
13.642170
13.719645
13.012319
12.937217
13.167509
11.591432
10.445308
10.468716
10.403642
10.857381
10.258677
9.927943
9.652146
8.757460
8.627787
7.575633
6.727092
6.218316
5.426258
4.543218
3.520311
2.894691
2.704981
2.582145
2.613994
2.611832
2.699107
2.844362
2.836121
