5.244277
5.107653
5.085709
4.715491
4.668366
4.432278
4.274081
4.184800
4.342455
4.299952
4.294901
4.550904
4.602956
4.687198
4.754681
4.767874
4.973269
5.015129
4.996054
5.235013
5.139161
5.366650
5.336882
5.216988
5.373899
5.247497
5.550007
5.769901
5.936373
6.590846
6.820702
7.392108
7.904637
8.505901
8.932737
9.384579
10.422443
10.812323
11.554188
11.274765
11.269455
12.177404
12.031360
12.668423
12.283604
12.100571
12.593745
11.761481
11.685117
11.362972
10.902161
10.048626
8.991764
8.045354
6.370167
4.550577
3.389174
2.493104
2.140995
2.115418
2.188754
2.270601
2.112687
4.236511
