4.589602
4.404330
4.417027
4.227110
4.210246
4.154243
4.034528
4.294561
4.403700
4.426299
4.353806
4.188328
4.284383
4.074437
3.922186
3.828861
3.720492
3.738191
3.574145
3.615031
3.440012
3.239805
3.310291
3.167335
3.176556
2.995146
2.877831
2.803562
2.536519
2.480353
2.307508
2.092156
1.925300
1.713251
1.640186
1.443708
1.217090
1.096673
0.892684
0.755287
0.652756
0.686862
0.717752
0.707459
0.760424
0.816988
0.793951
0.788135
0.782296
0.854725
0.841593
0.853606
0.923309
0.950811
0.997168
1.034589
1.100725
1.092264
1.106184
1.232135
1.334023
1.328210
1.461172
1.612388
1.866447
1.903539
2.038512
2.079901
2.085517
2.221195
2.251700
2.412120
2.329162
2.344184
2.547437
2.468267
2.520399
2.604606
2.731819
2.808392
2.992436
3.424712
3.584028
4.080183
4.454615
4.966838
5.655641
6.083409
6.530389
6.900915
7.634654
8.322146
8.597308
9.294422
9.520536
10.213516
12.527960
12.720667
12.775851
13.157673
13.449397
13.889334
13.342801
13.746018
13.468083
13.326619
13.633876
12.572889
12.989995
12.255459
11.207862
10.197796
9.669794
8.697852
7.680085
6.955949
5.539405
4.538162
3.156071
2.247425
2.629623
3.673223
4.436512
5.911754
7.021734
7.459924
7.285815
7.263773
7.544580
7.799935
7.914573
7.921205
8.274764
8.067796
7.713460
7.247559
6.814127
6.802118
6.326093
6.540318
7.057908
7.070918
7.170152
7.496336
7.356520
