2.564821
2.481872
2.296446
2.101620
1.977810
1.854418
1.793526
1.750295
1.697399
1.802541
1.806740
1.778120
1.853119
1.784716
1.945898
1.913146
1.925995
1.915563
1.950661
2.055670
2.075234
2.169090
2.114646
2.124339
2.131535
2.116161
2.120760
1.995578
1.897476
1.889479
1.782086
1.695046
1.552417
1.506828
1.585879
1.572304
1.681778
1.715837
1.820472
1.864607
1.811949
1.918548
1.883870
1.938299
1.926685
1.862361
1.930673
1.875906
1.932281
2.014793
1.989883
2.049777
1.997706
2.079724
2.144142
2.146835
2.298450
2.294738
2.412110
2.537482
2.543452
2.700820
2.712085
2.887689
2.916836
2.961279
3.139970
3.103170
3.285214
3.319230
3.365938
3.572195
3.559033
3.784450
3.832035
3.871334
4.009037
3.886572
4.019714
3.968718
4.000923
4.011735
3.933204
4.057928
3.991538
3.984748
3.962316
3.893393
4.069984
4.056567
4.099871
4.124649
4.145807
4.333373
4.332633
4.366420
4.403459
4.373056
4.505787
4.468309
4.465670
4.424322
4.391510
4.518732
4.469236
4.476693
4.405808
4.320467
4.446685
4.378962
4.357249
4.299969
4.202398
4.279716
4.181013
4.077016
4.004503
3.859560
3.917367
3.760754
3.650686
3.598407
3.504268
3.546254
3.415941
3.294426
3.348926
3.210202
3.266638
3.116738
3.121916
3.111830
2.960998
2.963456
2.812016
2.683696
2.657820
2.486577
2.546833
2.533047
2.644959
2.901063
3.087442
3.628367
4.018996
4.405957
