5.360536
5.428055
5.573169
5.495286
5.403429
5.426414
5.471294
5.086327
4.998396
4.535768
4.391147
4.195065
4.165774
4.080371
4.063343
3.733432
3.689913
3.628399
3.409955
3.276189
2.842501
2.454267
2.179292
1.717145
1.876054
2.046702
2.204323
2.547954
2.830912
3.094377
3.357363
3.668755
3.724094
3.738919
4.072069
3.963182
3.782032
3.471886
3.563871
3.871172
3.558258
3.393059
3.619588
3.622049
3.482757
2.876632
3.010181
2.837349
2.530022
2.456878
2.377582
2.356410
2.181837
2.000380
1.128685
0.705117
0.253845
0.156836
0.449286
0.729946
0.744989
0.658477
0.436826
0.195358
0.111663
0.317161
0.584447
