1.099393
1.151190
0.987529
1.416350
2.079453
4.612397
5.450916
6.716458
7.592457
8.083320
8.995520
9.199727
9.423158
9.281555
9.669695
9.595183
9.542774
10.138196
9.895997
9.930323
8.983423
8.309995
7.555492
6.962339
6.563481
6.056401
5.763542
5.005436
4.261705
3.521401
2.968240
2.769997
3.052588
3.467926
3.925252
4.431872
2.287375
1.618614
1.623020
1.849869
2.629218
3.090584
3.342004
3.765888
3.783947
3.433708
3.538686
3.473903
3.802426
4.237790
4.247302
4.609291
4.682171
4.673929
4.860427
4.874949
4.857199
5.061631
4.949127
5.056361
4.950923
4.833622
4.977841
4.810635
4.937288
4.873827
4.762261
4.910954
4.858795
4.840225
4.782974
4.716412
4.876969
4.756722
4.845276
4.739231
4.711043
4.842089
4.748110
4.739769
4.710364
4.618812
4.754752
4.606991
4.779275
4.672092
4.704926
4.757749
4.683703
4.839264
4.800244
4.736003
4.860159
4.687551
4.825565
4.762685
4.599758
4.939118
4.697719
4.876999
4.769665
4.930973
4.866933
4.818850
5.013171
4.890033
5.051445
5.014089
4.964954
5.153160
5.051302
5.218611
5.175299
5.091585
5.273778
5.176619
5.349544
5.296502
5.239062
5.407494
5.252739
5.386801
5.306715
5.192353
5.407678
5.294407
5.445513
5.379070
5.361050
5.506266
5.362475
5.569515
5.520161
5.558553
5.562979
5.465990
5.679829
5.568274
5.536502
5.705322
5.602302
5.883354
5.741212
6.079659
6.116538
6.041378
6.137030
6.082929
