3.829694
3.898010
4.085782
4.266124
4.383024
4.603628
4.753878
5.008854
5.132157
5.142204
5.365101
5.572685
5.862468
5.910653
5.823933
5.925066
5.953963
5.749200
6.087781
6.002379
6.039890
6.192288
6.061120
6.219606
6.024097
6.083998
6.039357
5.823515
5.815343
5.985958
5.855595
5.781658
5.496927
5.377754
5.528094
5.362588
5.380600
5.282752
5.278719
5.319669
5.189948
5.253574
5.162988
5.177848
5.307085
5.215626
5.122400
5.173388
5.249509
5.649386
5.543165
5.590532
5.471519
5.472182
5.822577
5.570212
5.712236
5.491629
5.521389
5.645770
5.112653
4.925139
4.820093
4.639050
4.647822
4.380000
4.235525
4.293724
4.472509
4.968802
5.402338
6.134568
7.596514
9.531501
10.819319
12.286069
12.665317
13.357074
14.747084
14.633666
26.330241
28.259478
29.428888
28.842712
