11.509593
11.227231
11.395806
11.303359
11.498300
11.335484
11.396047
10.980384
10.290017
9.824815
9.146189
8.735650
8.134602
7.600038
7.626972
7.771281
8.172498
8.438962
8.935642
9.054986
9.517223
9.584210
9.722963
10.227933
10.538417
11.300922
11.621309
11.560795
11.762298
12.011902
12.018846
11.483269
11.612353
11.466977
11.612556
11.450390
11.181992
11.275224
10.830443
10.458826
9.977938
9.179809
8.950118
8.134732
7.818594
7.480752
6.865286
6.704205
6.299981
6.133371
5.950827
5.691678
5.510940
5.418835
5.029145
5.220093
4.850048
4.633341
4.440413
4.434679
4.199354
3.877354
3.756302
3.649530
3.558146
3.288024
2.990331
2.777461
2.509357
2.277140
2.149111
2.021958
2.024259
1.916419
1.895983
1.995959
1.796390
1.847089
1.817945
1.847263
1.788325
1.787827
1.861632
1.858344
1.925287
1.873491
1.884896
1.893418
1.883631
1.889578
1.775947
