4.784252
5.024045
4.889142
5.150923
5.150042
5.089691
5.274905
5.214165
5.323373
5.220715
5.380728
5.635200
5.768766
6.178836
6.206811
6.277317
6.474544
6.532400
6.946866
6.849792
7.364770
7.494941
7.443869
7.758352
7.579872
7.644141
7.655919
7.504401
7.565708
7.244147
7.287032
6.953626
6.690615
6.880705
6.146860
5.592371
4.816666
3.695923
2.473981
1.188031
0.630087
1.726107
2.550543
3.015582
3.373317
4.071521
4.750916
4.953817
5.608895
5.951874
6.580333
7.560947
8.062183
8.464895
8.953662
9.715029
10.025318
10.242602
9.856579
10.155998
9.787192
9.546036
9.539819
9.229399
8.876185
8.589277
7.967858
7.597141
7.073061
7.201433
7.108632
7.031857
7.272187
7.064493
7.302771
7.208824
7.452405
7.739718
7.722742
8.103796
8.223665
8.516980
8.815284
8.906542
9.401576
9.484911
9.632065
9.734543
9.634707
10.142099
10.112875
10.263943
10.338756
10.279656
10.771147
10.155844
9.924675
9.421529
8.917946
8.820479
8.505087
8.058463
7.891658
7.562807
7.568003
7.454494
7.329675
7.247701
7.370283
7.160937
7.070278
6.672633
6.538045
6.806151
6.628600
6.648295
6.600098
6.537364
6.725249
6.663184
6.181542
5.803281
5.451610
5.181459
4.890245
4.465836
4.345267
4.459309
4.261860
4.101942
3.935784
3.936370
4.128148
3.884372
3.990393
3.940638
4.004324
4.180173
4.344969
4.419431
4.624229
4.755299
5.004426
5.132699
5.145650
5.378049
5.603215
5.899077
5.942511
5.860935
5.957241
5.970525
5.757582
6.101677
6.014017
6.050015
6.199383
6.065335
6.220870
6.029742
6.081512
6.027976
5.813325
5.801881
5.972635
5.844372
5.772242
5.494644
5.379309
5.529670
5.377535
5.403957
5.289092
5.280141
5.337338
5.211306
5.268579
5.165130
5.173588
5.304227
5.218559
5.121851
5.162810
5.237647
5.643676
5.539222
5.587142
5.472768
5.481341
5.842345
5.587588
5.736134
5.509297
5.540928
5.661872
5.109293
4.915331
4.812724
4.631213
4.646503
4.396667
4.274542
4.409150
4.701928
5.321152
5.837999
6.745514
8.452571
10.605136
12.046750
13.692228
14.105803
14.867873
16.404352
16.326457
