12.454539
12.986532
13.141733
13.937636
14.150498
14.367606
14.467771
14.348974
15.084040
14.999089
15.117951
15.160743
15.076199
15.740308
14.629885
14.127181
13.202318
12.220749
11.937626
11.239994
10.290110
9.900601
9.257120
9.039420
8.923713
8.631587
8.487026
8.497141
8.201147
7.980073
7.433615
7.241764
7.485665
7.292780
7.208344
7.064214
6.893317
7.032860
6.947638
6.391266
5.936086
5.515679
5.205202
4.889401
4.455349
4.331002
4.440914
4.240725
4.084965
3.938224
3.958112
4.163976
3.922805
4.041096
3.981964
4.030385
4.202222
4.353388
4.443738
4.651671
4.789472
5.028944
5.131206
5.136047
5.343009
5.520904
5.800103
5.843970
5.748833
5.847186
5.896598
5.701658
6.019644
5.922494
5.971263
6.119812
5.982382
6.140112
5.944386
6.010188
5.992187
5.787464
5.774099
5.951208
5.824301
5.768876
5.494640
5.379150
5.529574
5.369106
5.388254
5.288604
5.280016
5.331068
5.202110
5.261946
5.165445
5.172835
5.303190
5.218597
5.121700
5.147358
5.191214
5.525956
5.423201
5.467465
5.336896
5.323686
5.637723
5.400532
