15.377658
13.775238
12.606572
11.117941
10.082821
8.849938
7.847361
7.849124
8.142496
8.934313
9.413887
10.115632
11.044688
11.515412
12.634566
13.194983
13.752345
14.989154
15.919546
17.681391
18.762921
18.919229
19.446008
20.054498
20.211681
19.366902
19.845902
19.702065
20.128949
19.979377
19.710606
20.005266
19.649298
19.945539
19.935197
19.021185
18.205093
17.176134
15.623364
15.061391
13.473320
12.811664
12.094855
10.998815
10.630718
9.942541
9.571666
9.224797
8.826044
8.536568
8.382109
7.726875
8.002362
7.392056
7.011032
6.727370
6.732065
6.384852
5.845188
5.625535
5.437977
5.280306
4.857517
4.374862
4.009725
3.517455
3.029043
2.770021
2.539492
2.403238
2.121898
