6.628755
4.696747
4.211858
3.952568
3.328916
3.451258
3.400158
3.453404
3.390158
3.375171
3.535511
3.391537
3.478283
3.371861
3.384827
3.778338
3.899814
4.197500
4.146741
4.239762
4.727606
4.784256
4.675631
4.831599
4.861199
4.969254
4.905994
4.998128
5.360803
5.400533
5.637207
5.434321
5.331254
5.483954
5.253843
5.095498
4.998851
4.747066
4.868514
4.765426
4.809656
4.687260
4.733051
4.936538
4.902679
4.822361
4.837896
5.024305
4.901537
5.095797
4.974398
4.833306
5.164864
5.033836
5.144304
5.010519
5.191974
5.382273
4.906038
4.845794
5.017401
5.296887
5.111516
5.320525
5.393037
5.270421
5.107818
5.044422
5.051803
5.069692
5.050929
5.054368
4.943197
5.103347
5.167112
5.106040
4.917662
4.909899
5.106237
4.975015
4.751904
4.609137
4.551057
4.599631
4.487652
4.450908
4.294366
4.133120
4.153149
4.162651
3.927117
3.850755
3.661958
3.739087
3.742973
3.480333
3.382987
3.402498
3.206942
3.505731
3.926486
4.665984
5.216643
5.897649
6.583688
