0.022671
0.018066
0.017891
0.021509
0.018971
0.018033
0.019974
0.018216
0.017611
0.018808
0.018039
0.018286
0.017204
0.016484
0.020196
0.018298
0.014673
0.018003
0.020312
0.020973
0.021001
0.014800
0.017779
0.016951
0.016282
0.015316
0.016390
0.015140
0.016501
0.014816
0.014697
0.015154
0.013941
0.014466
0.014132
0.012926
0.013570
0.013652
0.013751
0.012893
0.013001
0.013455
0.013282
0.013867
0.013590
0.013164
0.013623
0.013238
0.013495
0.013231
0.012742
0.013595
0.012980
0.013859
0.013020
0.012776
0.011520
0.014390
0.011989
0.009764
0.012885
0.014172
0.010900
0.011340
0.011614
0.007404
0.013944
0.007376
0.004390
0.007937
0.012086
0.009333
0.008699
0.003750
0.005642
0.022097
0.000847
0.000399
0.011738
0.018417
0.002444
0.005766
0.013886
0.007150
0.009821
0.009999
0.005098
0.013011
0.015393
0.011411
0.003266
0.011557
0.020624
0.011529
0.003799
0.010835
0.015319
0.013335
0.011358
0.011457
0.015466
0.012429
0.011173
0.013069
0.013152
0.005525
0.013962
0.013107
0.001636
0.007326
0.014376
0.008803
0.002973
0.013828
0.016548
0.010104
0.008574
0.012223
0.015762
0.015122
0.009356
0.012756
0.014753
0.009158
0.005015
0.014846
0.008522
0.006976
0.016730
0.012657
0.007865
0.016395
0.004509
0.013200
0.009020
0.003523
0.017635
0.016830
0.000871
0.006972
0.016917
0.016796
0.010569
0.016018
0.016475
0.016362
0.016143
0.017298
0.016826
0.017520
0.010860
0.017557
0.011063
0.018570
0.008019
0.006271
0.017715
0.003835
0.014610
0.017237
0.014569
0.017667
0.017625
0.017319
0.017382
0.003263
0.017124
0.009100
0.009634
0.018053
0.003116
0.009663
0.015267
0.019409
0.013054
0.013157
0.019101
0.014865
0.003235
0.019526
0.019986
0.014666
0.018682
0.020893
0.004213
0.004482
0.017217
0.011140
0.017719
0.021797
0.029993
0.027370
0.021189
0.028929
0.031807
0.031160
0.050166
0.073140
0.082035
0.104702
0.132212
0.157425
0.194624
0.222419
0.260352
0.277992
0.289986
0.308557
0.296300
0.300703
0.292579
0.278277
0.278703
0.261218
0.262594
0.249533
0.236232
0.236915
0.220766
0.225652
0.221096
0.215305
0.225167
0.223273
0.236473
0.236672
0.233210
0.250519
0.259418
0.270535
0.264804
0.256830
0.280040
0.272627
0.275883
0.264555
0.238378
0.208530
0.200968
0.186560
0.167847
0.163362
0.157358
0.159075
0.150870
0.148954
0.159235
0.159853
0.154903
0.148137
0.156562
0.159306
0.149007
0.153892
0.150841
0.149484
0.137035
0.132172
0.154502
