5.108833
4.268271
3.959312
3.660892
3.706664
3.607080
3.603699
3.803094
3.702971
3.790244
4.087793
4.410126
4.881132
5.028380
5.188432
5.207974
5.179186
5.271321
5.105750
5.277873
5.094803
4.945900
5.073700
4.773864
4.783674
4.360137
4.017012
3.635085
3.203861
2.950912
2.736572
2.670751
2.709562
3.099690
3.642093
4.102307
4.702153
5.357359
5.526709
5.992322
6.126292
6.457321
7.149830
7.246736
7.916446
8.087784
8.207681
8.783734
9.071143
9.923137
10.162568
10.754384
11.534714
11.593772
12.382857
12.259432
12.122530
12.495243
12.062849
12.188752
11.412699
10.449224
9.832881
8.631003
7.945413
6.936136
6.547676
6.048259
5.591569
5.206207
5.026964
5.114481
4.815251
4.925408
4.721739
4.851645
4.748831
4.779973
4.798161
4.800350
4.982994
4.866777
5.071790
4.939445
4.819531
4.903829
4.656384
4.781159
4.625756
4.626146
4.583306
4.460148
4.597645
4.419140
4.356254
4.297463
4.153512
4.219251
4.032977
4.090692
3.969539
3.858631
3.989810
3.915569
4.083991
4.078493
4.060528
4.175641
4.042273
4.187610
4.157304
4.175372
4.190361
4.188642
4.347396
4.333003
4.349503
4.612880
4.560928
4.756900
4.804250
4.891468
5.086640
4.962655
5.134804
5.078835
4.954538
5.202851
5.105044
5.269173
5.250677
5.210863
5.445619
5.326705
5.469073
5.394883
5.329236
5.471703
5.256704
5.328900
5.088516
4.984184
4.819618
4.246066
4.375007
