1.643351
2.001257
2.242932
2.272285
2.368686
2.672082
2.614432
2.850439
3.060287
3.354835
3.871297
4.192913
4.909844
5.483066
5.981257
6.289566
6.216409
6.461841
6.412204
6.521287
6.038676
5.398814
5.358750
5.162141
4.921544
4.671425
4.620379
4.969098
5.110780
5.105858
5.775134
5.781356
5.858602
5.755215
5.971814
5.782449
5.561430
5.235928
5.172276
4.997389
4.806711
4.666929
4.383792
4.537035
4.077774
3.804758
3.763472
3.752676
3.711808
3.393901
3.266672
3.268710
3.048041
3.197421
3.055400
3.042697
3.091082
2.786772
2.673454
2.669764
2.536811
2.916192
3.475364
4.323657
5.304127
6.205637
7.820939
9.037159
10.034295
11.545103
12.638329
14.445787
14.910807
15.686972
16.830563
17.597685
18.714654
18.433928
19.599462
20.198947
20.541801
21.574618
21.268362
22.489809
22.751216
23.155844
23.760456
27.301033
25.460267
25.048946
23.503265
21.771361
20.811437
19.551727
18.796239
17.918963
15.641411
14.252173
12.234393
10.357931
8.877124
7.183664
6.526851
5.215494
