4.663022
4.476573
4.661821
4.623366
4.608039
4.871931
4.866178
5.005139
4.900938
4.717478
4.604363
4.664425
4.433937
4.470043
4.301023
4.285496
4.216206
4.050525
4.158371
3.957749
4.059100
3.881790
3.672102
3.691493
3.459108
3.459776
3.215426
3.144216
3.081866
3.167763
3.124800
3.153430
3.182965
3.339621
3.299727
3.317521
3.227931
3.226906
3.296315
3.327620
3.447195
3.702396
4.065324
4.360832
4.412135
4.583837
4.611717
4.855250
4.933258
4.925509
5.116625
5.110916
5.097068
5.182553
5.162099
5.448423
5.534457
5.525550
5.779754
5.704269
5.938100
5.488534
5.275787
5.283568
5.022413
5.167481
4.856257
4.816593
4.892446
4.947181
4.836251
