8.165982
9.093374
9.475798
10.410137
10.922711
11.950465
12.084445
12.221097
14.042406
13.680680
12.493816
12.056477
11.938559
12.119212
10.517434
11.483973
12.347731
9.832766
8.341322
9.304971
10.459041
8.849592
7.996728
8.261483
8.117982
6.547090
5.070568
6.257781
6.009994
5.418611
4.557982
3.892424
3.505832
3.092198
3.520613
3.653739
3.713880
3.986922
3.798150
3.794266
4.476581
4.076957
3.350903
4.009343
3.891944
3.513434
4.024213
3.787297
3.683518
3.851313
3.967130
3.996980
4.071176
4.385188
4.281241
4.299939
4.416631
4.456009
4.412212
4.332198
4.445405
4.306399
4.429906
4.323585
4.386727
4.516162
4.375441
4.571953
4.468084
4.488155
4.726340
4.504427
4.734952
4.639930
4.831405
4.615688
4.789093
4.716906
4.933034
4.918361
4.892366
5.027051
4.765507
4.900140
4.675803
4.680541
4.544780
4.459263
4.492033
4.203708
4.322488
4.273526
4.170411
4.298206
4.167626
4.256466
4.129203
3.966738
4.140630
3.876978
3.939808
3.815426
4.008379
4.079597
4.327061
4.568502
4.335871
4.308262
4.119733
4.354579
4.446258
4.476406
4.672262
4.509372
4.638748
4.317418
4.588778
4.737949
4.748872
5.007704
5.244955
5.803188
5.832508
5.987919
6.118755
6.075192
6.255991
6.044947
6.182756
6.001662
6.044955
5.963162
5.753305
5.841969
5.637936
5.707305
5.508625
5.362156
5.494185
5.291977
5.424045
5.453101
5.636330
5.645264
5.633487
6.008321
5.798431
6.025707
6.012053
5.921440
6.090042
5.847099
6.123132
5.844457
5.755456
5.737953
5.554191
5.557450
5.327122
5.310505
5.296467
5.168120
5.256923
5.103952
5.388956
5.302383
5.190322
