8.323218
9.045007
9.420492
9.468695
9.788655
9.411895
9.437255
9.531275
9.712463
9.815020
9.416703
9.784441
9.520032
9.564959
9.688216
9.156538
9.100923
9.155397
8.751262
8.331075
8.093285
7.698043
4.902866
4.921696
4.880245
3.951713
3.689561
3.724272
3.493279
3.042698
2.883970
2.739484
2.329594
2.031920
1.955291
1.828905
1.619862
1.291526
1.320854
1.123195
1.015427
1.217239
1.332544
1.306823
1.344157
1.429434
1.603419
1.629057
1.743799
2.090996
2.244246
1.979239
1.966486
2.231893
2.256227
1.908259
1.929080
1.809788
1.511821
1.316426
1.056828
0.871787
