2.096524
1.985043
1.826301
1.780739
1.693041
1.756344
1.884245
1.776816
1.942513
2.168087
2.199770
2.420667
2.442071
2.644204
2.889360
3.103353
3.130685
3.428074
3.546401
3.620102
3.982122
3.979409
4.290926
4.441248
4.895294
4.643933
4.315739
3.544871
3.092776
2.846684
1.505419
1.811611
2.724888
2.640893
2.806698
3.126073
3.431171
3.878751
5.504211
7.022323
8.273093
9.128089
10.024367
10.999352
11.441879
12.418738
13.303869
14.606712
15.293427
15.823401
15.632106
15.773447
16.144694
15.853434
16.225380
15.734505
15.615641
16.878502
16.639609
17.020252
16.075037
15.452853
13.877656
11.635114
9.888114
8.279246
