7.489918
7.612682
7.136195
6.965142
7.049844
6.693745
6.814006
6.387509
6.211637
6.249670
6.059130
5.798901
5.424410
5.264780
5.111242
4.800016
4.521010
4.338578
4.133298
3.987399
3.714345
3.430219
3.239582
3.024345
2.861511
2.571041
2.307265
2.134095
1.936799
1.710615
1.438837
1.261364
1.162998
1.117148
1.201394
1.235962
1.224621
1.260691
1.292109
1.398632
1.415678
1.510385
1.791247
1.903951
1.687041
1.680849
1.888729
1.911753
1.631418
1.653293
1.560874
1.401290
1.383132
1.339996
1.484825
1.920899
2.473336
3.069320
3.697051
4.603646
5.788672
6.825434
7.598949
8.619817
9.575080
10.460751
11.496890
11.761620
13.186422
13.141301
13.460878
14.373879
14.725783
14.824216
14.660867
15.279517
14.983155
15.015150
14.043625
13.252961
13.276974
12.859670
12.684856
11.894224
11.469369
11.687668
10.840941
10.640996
9.951134
9.648818
9.536924
9.033130
9.120832
8.630360
8.369549
7.820611
7.622874
7.623118
7.265535
7.220993
6.839021
6.712089
6.694511
5.345247
4.910330
4.966049
