5.085788
5.086354
5.131675
5.173265
5.380098
5.566014
5.388570
5.374150
5.211880
4.810622
4.520611
4.382549
4.024427
4.310803
4.975940
5.551810
7.019351
8.001324
8.811869
9.869046
10.334664
11.167185
12.230191
13.473314
14.471476
15.248633
15.329565
16.822425
17.735970
18.808805
20.433288
20.216205
20.599300
20.770493
21.629832
21.842898
22.059143
21.841935
22.519023
22.561909
20.834469
20.299048
19.137854
19.287594
19.194733
17.850316
16.950289
8.242920
7.595996
6.975667
6.309850
5.773185
5.828021
