10.165393
9.770800
9.811694
9.430068
9.199904
8.542410
7.636330
6.987546
6.121882
5.533481
4.891580
4.360736
4.358061
4.501489
4.890066
5.074529
5.396931
5.850295
6.028707
6.596064
6.883941
7.189886
7.829603
8.240369
9.120939
9.724640
9.820021
10.154332
10.519310
10.636169
10.144441
10.393027
10.325499
10.513112
10.432845
10.297702
10.442697
10.302716
10.506145
10.464369
9.996091
9.642915
9.182704
8.335772
8.101170
7.411908
7.099426
6.755273
6.235655
6.096287
5.756529
5.604264
5.459853
5.240160
5.101198
5.065675
4.732137
4.881420
4.534389
4.357429
4.199958
4.210505
4.019659
3.737779
3.634086
3.515963
3.446809
3.233396
2.990359
2.832127
2.614902
2.406257
2.273770
2.138626
2.126905
1.981795
1.964095
2.072800
1.804929
1.748776
1.726320
1.778432
1.656741
1.573833
1.569887
1.480203
1.397588
1.330427
1.347422
