2.347111
2.474036
2.420200
2.615484
2.662237
2.205010
2.036961
1.774249
1.730227
1.595590
1.226668
1.185227
1.554553
1.997866
2.351350
2.929075
3.764814
4.351614
5.135394
5.377003
6.335349
6.649680
6.810436
7.445293
8.025121
8.930715
9.202589
10.215825
10.773311
11.089046
11.167905
11.285658
11.833699
11.867308
11.446254
11.376777
10.673335
4.671870
4.590127
4.305759
4.137943
3.744995
3.299720
3.857388
4.825850
5.576596
6.092637
6.480112
6.820337
10.978764
12.278772
13.343745
14.300546
14.783419
14.845016
15.311109
14.516737
14.654771
13.626022
13.333186
13.291249
11.718049
11.039510
10.181188
9.752699
8.808500
7.876686
7.174800
6.420945
5.887293
5.384214
5.275446
4.929700
4.293065
4.140693
3.930573
3.773985
3.399916
3.403507
3.384172
2.946271
2.835243
2.619878
2.516327
2.433515
2.152982
2.019468
1.856871
1.745396
1.639444
1.555183
1.458545
1.341249
1.279846
1.141476
1.121029
1.047221
0.985157
0.860985
0.753268
0.671832
0.522840
0.395654
0.300064
0.350746
0.379325
0.368769
0.467098
0.569069
0.639601
0.707356
0.716077
0.857173
0.965986
1.004492
1.108983
1.273768
1.527011
1.545637
7.664564
