5.614733
4.949794
4.633226
4.732510
4.592651
4.579798
4.503673
4.484345
4.706625
4.450536
4.399849
4.242311
4.035746
3.954492
3.715173
3.854546
3.769766
3.826713
4.018215
3.915327
3.913078
4.084267
4.066865
4.155663
4.072484
4.096729
4.300620
4.277336
4.385870
4.238334
4.159389
4.312460
4.195008
4.182724
4.250064
4.195174
4.360714
4.332447
4.430492
4.344384
4.362794
4.548812
4.652115
4.557551
4.557899
4.799045
4.603857
4.758624
4.681069
4.737468
4.988571
4.817253
4.990948
4.797102
4.769041
4.975775
4.835666
4.841846
5.024823
4.966010
5.256067
5.046619
5.101191
5.069026
5.149313
5.085640
5.036758
5.027678
5.214047
5.237490
5.226442
5.198104
5.303937
5.361292
5.485413
5.416676
5.339306
5.337967
5.523614
5.498656
5.415617
5.378666
5.338852
5.452141
5.383014
5.200796
4.999101
4.852030
4.927850
4.855414
4.680590
4.492170
4.431022
4.475772
4.348992
4.145387
4.106993
4.001752
4.002021
3.878103
3.685710
3.631430
3.585422
3.372300
3.317476
3.028196
2.813823
2.647062
2.444089
2.173754
2.003603
1.832377
1.714838
1.535492
1.313422
1.175921
1.138817
1.013040
0.940458
0.870326
0.847239
0.864387
0.827778
0.858065
0.887808
0.928760
1.043633
0.983483
0.984707
0.990127
1.021615
1.094892
1.078279
1.270289
1.159052
1.274567
1.373883
1.423985
1.466769
1.599013
