4.441819
4.214861
4.129363
4.279127
4.205277
4.264477
4.188153
4.402211
4.194306
4.223235
4.073688
3.948718
3.954475
3.691658
3.792640
3.695638
3.739746
3.798624
3.579787
3.646488
3.825563
3.790249
3.868620
3.779940
3.765149
3.866034
3.788289
3.788082
3.665236
3.605855
3.778537
3.745202
3.833387
4.001955
4.040139
4.228521
4.223677
4.334575
4.276401
4.460612
4.598977
4.496212
4.490070
4.744784
4.527819
4.676779
4.612898
4.717506
4.947431
4.763955
4.953840
4.744306
4.656016
4.870619
5.005247
5.009200
5.191928
