3.390955
3.860886
4.380683
5.193099
5.713126
6.223504
6.126786
6.202993
6.832190
6.824361
7.108499
6.995284
6.915032
7.031312
6.419914
6.549903
6.525964
6.383490
5.992334
5.322304
4.907499
4.302600
3.925201
3.899371
3.679391
3.813166
3.786660
3.753645
3.923231
3.876056
3.971916
4.250465
4.251899
4.525473
4.552136
4.629269
4.854566
4.811136
5.059045
5.044586
4.980336
5.162931
5.195993
5.233694
5.301500
5.279541
5.478268
5.344730
5.253690
5.237709
4.922257
4.810914
4.937045
4.780186
4.995047
5.034581
5.080569
5.409081
5.618848
5.742965
5.691158
5.924860
5.845894
5.776811
5.982567
5.835633
6.091764
5.969469
5.965289
6.197073
5.986303
6.126932
5.992037
5.851954
5.989560
5.732977
5.837414
5.730737
5.811282
5.609967
5.604340
5.722296
5.599737
5.860590
5.607639
5.584530
5.775883
5.640943
5.924781
5.847241
5.707345
5.914521
5.753762
5.915242
5.814329
5.624115
5.725496
5.642172
5.408953
5.403708
5.248873
5.156007
5.204281
5.138883
5.318850
5.353228
5.371823
5.439143
5.175519
5.210620
5.200456
5.288691
5.456153
5.256806
5.179786
5.393826
5.452668
5.654653
5.579221
5.630414
5.858346
5.746493
5.818514
5.609425
5.608216
5.958636
6.062163
6.449663
6.502843
6.743648
6.765884
6.752774
6.912665
6.815509
