3.313758
3.405008
3.363244
3.415300
3.566066
3.762217
3.996346
4.302348
4.514072
4.885514
5.138491
5.183001
5.517045
5.902760
6.275410
6.336481
6.295950
6.409134
6.373191
6.104550
6.539859
6.460478
6.463164
6.646007
6.524962
6.685780
6.468517
6.341629
6.084817
6.091095
6.221901
6.066091
5.898475
5.522710
5.360956
5.513067
5.194007
5.223139
5.264864
5.181046
5.032049
5.126439
5.144271
5.217635
5.332695
5.191016
5.127577
5.296621
5.465045
5.986924
5.863646
5.914863
5.802774
5.806132
6.200654
5.935048
6.090422
5.855928
5.889277
4.777480
4.664511
4.228662
3.922562
2.694182
2.860082
