4.755159
4.559244
4.377899
3.967003
3.097907
1.883568
1.821888
1.796470
1.879820
1.783390
1.990176
1.985801
2.231168
2.515887
2.461991
2.471972
2.464105
2.463381
2.262897
2.078352
2.011763
1.837042
1.691405
1.606056
1.742243
2.241007
2.602369
3.087935
3.394113
3.794996
3.871065
3.719567
4.032012
3.988938
4.073572
3.996283
3.846180
4.023789
3.876088
3.959789
4.167134
4.083040
4.013094
3.743863
3.807861
3.565335
3.175263
3.261246
3.104751
3.014125
2.947517
2.877638
3.003292
2.876481
3.027380
3.051562
3.075369
3.221391
3.192108
3.362221
3.359167
3.367286
3.547613
3.531730
3.787034
3.915105
4.057894
4.234860
4.148354
4.309463
4.263254
4.351293
4.385852
4.319153
4.468541
4.395924
4.355357
4.226890
4.032616
4.167514
4.119559
4.135500
4.143227
4.161292
4.353488
4.359776
4.387137
4.428217
4.391835
4.530755
4.518358
4.520365
4.467311
4.435762
4.565727
4.509957
4.529787
4.462931
4.370762
4.491710
4.412817
4.392254
4.334205
4.231944
4.306444
4.202013
4.090463
4.015603
3.870606
3.934794
3.771314
3.656243
3.604135
3.512712
3.552127
3.415025
3.293112
3.345049
3.202867
3.263518
3.113875
3.118095
3.110960
2.959228
2.960075
2.810779
2.683232
2.658231
2.488070
2.553157
2.523723
2.568332
2.715679
2.723106
2.970660
3.046852
3.124704
3.339470
3.393192
3.638472
3.677075
3.734749
3.845518
3.883382
4.051107
3.957125
4.151658
4.228155
4.255961
4.538677
4.516798
4.863061
4.980655
5.157913
5.240635
5.549611
5.598446
5.718941
5.766754
