4.403081
4.286597
4.196126
4.429857
4.357095
4.500403
4.436081
4.387489
4.623647
4.556408
4.546604
4.769905
4.901695
5.178945
5.297247
5.406865
5.822595
6.380545
6.577203
7.008872
6.954728
7.067186
7.537352
7.333990
7.564108
7.456734
7.538058
7.941153
7.943199
8.290504
8.952411
9.398368
11.875288
12.449041
12.204645
12.150527
12.441973
11.736685
11.027238
9.572173
8.388693
7.635175
6.296894
5.572058
5.239339
4.961146
4.880227
4.756863
4.144928
3.344309
2.949135
2.785359
2.554261
2.420668
2.339190
2.424132
2.322705
2.373154
2.278133
2.275076
2.769529
3.635919
