1.573865
1.627107
2.093014
3.155328
4.656631
6.174080
7.531457
9.179069
10.794818
12.748130
13.270906
13.917317
14.373044
15.754042
15.894429
16.385839
17.583766
17.687642
17.845146
16.620610
16.514670
16.666458
14.442120
13.054478
13.238872
13.071124
13.641023
13.078712
12.552473
12.254427
11.303682
11.272814
10.163404
9.283487
8.793552
7.903642
6.934089
5.930945
5.298903
5.032872
4.735589
4.641453
4.280124
4.135619
4.267098
4.178474
4.219357
4.144405
4.138719
4.341311
4.137213
4.160484
4.018907
3.897727
3.934078
3.721129
3.852257
3.762715
3.816427
3.957543
3.806410
3.837984
4.010190
3.981141
4.066655
3.979845
3.982866
4.135228
4.078728
4.129901
3.996322
3.921804
4.089644
4.015465
4.056815
4.173727
4.158535
4.334462
4.313211
4.414548
4.333048
4.350553
4.537556
4.648711
4.550769
4.549492
4.793495
4.595918
4.750932
4.675809
4.737465
4.986179
4.812320
4.988211
4.791456
4.749304
4.959290
4.835161
4.841876
5.024724
4.963057
5.251256
5.043299
5.101122
5.069991
5.151180
5.086030
5.036579
5.027401
5.213914
5.237175
5.226386
5.198119
5.303414
5.359867
5.482314
5.415112
5.339622
5.339452
5.523386
5.497950
5.414675
5.377457
5.336687
5.449360
5.379890
5.198349
4.997812
4.850773
4.927687
4.856361
4.680709
4.492548
4.433443
4.480860
4.351224
4.149036
4.112601
4.011615
4.008669
3.880149
3.690578
3.639318
3.590589
3.374857
3.321759
3.107722
3.115204
3.218077
3.501279
3.895045
4.506186
5.137916
5.673822
6.001928
6.614939
7.088807
7.584594
7.965386
8.594678
8.478473
8.430455
9.043368
8.758567
8.557625
8.064154
8.297158
8.911836
8.315247
