4.333609
4.237870
4.408064
4.389471
4.273390
4.485805
4.420045
4.625950
4.656883
4.789877
5.027277
4.891978
5.152498
5.150839
5.090987
5.274662
5.213577
5.322197
5.224191
5.382387
5.635182
5.767752
6.177657
6.201162
6.286527
6.483622
6.554449
6.982122
6.888041
7.418244
7.561533
7.530180
7.574482
7.638323
7.307886
7.347112
7.004776
6.752685
6.932652
6.174703
5.598818
4.799201
3.653123
2.420379
1.247636
0.921476
1.945410
2.765856
3.284679
3.571507
4.237888
4.918289
5.157148
5.709950
6.145075
6.672728
7.664099
8.117130
8.447283
9.020156
9.651090
9.917210
10.144881
9.645867
9.950795
9.663393
9.415748
9.539052
9.313820
9.035628
8.730012
8.173599
7.904161
7.365913
7.648457
7.379986
7.442976
7.615660
7.512061
7.699018
7.617443
7.744826
8.106231
8.099785
8.457479
8.554136
8.805749
9.068877
9.114666
9.583661
9.641987
9.772440
9.821966
9.725591
10.220992
10.158342
10.264075
10.379508
10.220220
10.743430
10.142524
9.952071
9.451645
9.059510
8.942100
8.710703
8.246349
8.149729
7.846147
7.904384
7.897907
7.717684
7.623618
7.764512
7.554942
7.479902
7.059578
6.820383
7.131548
6.958201
6.960255
6.909017
7.036355
6.959725
6.380247
5.925844
5.517399
5.216153
4.888639
4.455108
4.337141
4.451506
4.263552
4.138824
3.995014
4.004461
4.230715
4.033504
4.166233
4.071059
4.094677
4.268384
4.377094
4.422347
4.612804
4.750633
5.000096
5.132890
5.147240
5.388516
5.635670
5.973696
5.949355
