1.970658
2.208190
2.334222
2.414762
2.673452
2.791511
2.795690
2.552457
2.341552
2.157779
2.038665
1.827398
1.712736
1.742227
1.607009
1.595218
1.583913
1.611023
1.659508
1.608323
1.595632
1.582244
1.497585
1.537084
1.557596
1.548102
1.442260
1.511430
1.579695
1.400479
1.301500
1.187089
1.104982
1.030135
0.947340
1.000258
1.059575
1.162235
1.332028
1.435682
1.618760
1.668444
1.750680
1.984407
2.062718
2.335984
2.588046
2.798611
3.128255
3.360919
3.698499
3.817847
4.072405
4.495163
4.552175
5.015189
5.049524
5.165442
5.485232
5.336075
5.463702
5.400318
5.453232
5.693021
5.672056
6.013780
5.919582
5.790027
6.067362
5.915065
5.911151
5.511661
5.527723
5.458583
5.183016
5.118833
5.038176
4.890131
4.657008
4.352178
4.426573
4.274296
4.072357
3.816918
3.578557
3.566381
3.335179
3.387878
3.293229
3.271595
3.568715
3.506316
3.773323
3.689506
3.807717
3.971476
3.794084
3.886359
3.857485
3.774882
3.633233
3.501112
3.550617
3.340130
3.037349
2.640217
2.162923
1.690638
0.971060
0.185533
0.096064
0.163815
0.026426
0.168046
0.159651
0.002611
0.107514
0.072846
0.002702
0.048142
0.125091
0.414894
0.235258
0.055119
0.293440
0.521025
0.149606
0.114739
0.532740
0.402640
0.079908
0.019744
0.358832
0.152670
0.103114
0.115304
0.369898
0.267761
0.221362
0.619215
0.895572
0.884507
1.031854
1.371873
1.726823
1.912323
2.330506
2.559812
2.923941
3.293716
3.590658
3.796784
3.684592
4.034425
4.019431
3.895526
3.816819
3.457986
3.197056
2.645486
2.510553
2.214049
1.382500
0.234436
0.884566
1.564759
2.154199
3.098633
4.296991
5.141834
6.221746
6.654815
7.931421
8.385094
8.636291
9.513876
