4.299203
4.605254
4.836879
4.715492
4.755431
4.804605
4.784602
5.010013
5.125666
5.490673
5.361132
5.293594
5.283731
5.131777
5.218366
5.017133
4.882406
4.359001
3.813753
3.684170
3.432064
3.274764
3.404414
3.485183
3.823945
4.192663
5.128653
6.307439
7.117502
8.363242
9.308591
11.074481
12.217840
13.356851
14.171812
15.724982
16.360113
16.569185
17.269017
17.502023
18.477541
18.627093
18.597471
19.464493
18.966337
20.080642
20.158238
19.751324
20.470311
19.943237
20.298451
18.501483
17.370676
16.960393
15.549998
15.221643
13.928542
13.528837
13.481610
13.359643
13.916269
13.349157
12.351142
11.205988
9.950978
8.636708
7.511189
6.990985
6.162049
5.629488
4.903705
4.531177
4.521116
4.473949
4.699621
5.039320
4.997926
4.892459
5.149897
5.312406
5.349808
5.130970
5.218961
5.462825
5.204842
5.199575
5.297703
5.225589
5.383607
5.619889
