2.928953
2.798972
2.678448
2.663838
2.511856
2.729119
2.987546
3.406554
4.350282
5.237493
5.806326
6.302584
7.104911
7.618635
8.567986
8.792591
9.170689
9.721675
10.061122
10.629207
10.422012
11.094770
11.394238
11.572290
12.147788
12.602598
12.762824
13.008002
13.400108
13.535373
14.351457
14.397971
14.611791
14.889352
15.041891
15.411760
14.436109
14.392457
13.616296
12.762920
4.887695
5.028878
4.941150
4.901153
4.916970
4.973531
5.086841
5.061465
5.047113
5.358867
5.359106
5.705836
5.831493
6.003495
6.168287
6.017974
6.657264
7.432541
8.123194
9.647913
10.409130
11.650354
12.857676
13.998129
14.850357
15.713312
17.528527
18.323698
19.548150
19.159502
