5.274094
6.151175
6.812653
7.357698
7.294716
7.323568
8.038822
8.012836
8.392201
8.258098
8.145458
8.275872
7.584216
7.768620
7.680665
7.486883
7.029605
6.277573
5.715660
4.946431
4.370468
4.205716
3.863231
3.962634
3.929329
3.905750
4.062182
3.994579
4.045424
4.294693
4.273960
4.534432
4.551828
4.627065
4.854552
4.810154
5.056940
5.044089
4.981880
5.164811
5.195385
5.231518
5.296086
5.272375
5.470019
5.333274
5.238968
5.225401
4.924582
4.813740
4.939198
4.780914
4.994941
5.036497
5.089743
5.438627
5.662596
5.786970
5.736817
5.977539
5.908082
5.838902
6.060052
5.914727
6.172934
6.053353
6.042694
6.279290
6.067785
6.209445
6.068803
5.912774
6.050864
5.774839
5.856751
5.738158
5.809674
5.598402
5.569521
5.658263
5.538976
5.783496
5.495796
5.472160
5.665045
5.558675
5.888391
5.812209
5.654187
5.864500
5.712098
5.869484
5.765867
5.550890
5.616257
5.500482
5.247961
5.257879
5.128766
5.035394
5.113681
5.069581
5.268089
5.310056
5.325073
5.403879
5.128670
5.169660
5.142968
5.237708
5.418918
5.202686
5.105174
5.264801
5.297261
5.494868
5.419210
5.494779
5.730922
5.635535
5.706967
5.525037
5.564025
5.937276
6.056874
6.464677
6.520837
6.764603
6.789474
6.771496
6.925247
6.824659
7.001073
7.194956
7.114703
