7.322842
8.093085
8.897945
10.251142
10.966856
11.822922
11.609431
11.701105
12.727624
12.655698
13.160284
12.910463
12.737024
13.031949
12.015642
12.219364
12.069888
11.709338
11.001130
9.825140
8.992607
7.565310
6.339962
5.703091
4.900109
4.753967
4.686089
4.720859
4.865255
4.694024
4.522426
4.598825
4.438031
4.623400
4.595001
4.646971
4.869148
4.813890
5.054098
5.035220
4.975690
5.161805
5.189100
5.223947
5.287409
5.265269
5.465274
5.329903
5.236880
5.222732
5.058385
5.111176
4.912995
5.050198
4.917427
4.807244
4.934110
4.778272
4.994369
5.036967
5.089716
5.433645
5.660656
5.786719
5.730493
5.955990
5.867621
5.801562
5.998394
5.849120
6.099147
5.973695
5.967813
6.204938
6.006831
6.175151
6.040885
5.884554
6.035107
5.776192
5.860777
5.739990
5.809264
5.594684
5.557568
5.634092
5.526793
5.763861
5.450179
5.427984
5.625004
5.546442
5.894872
5.817367
5.654021
5.864419
5.715014
5.872053
5.765085
5.536586
5.577845
5.431071
5.151584
5.154163
5.321010
