12.208589
10.340089
8.513686
6.733620
5.417903
4.857941
4.346209
4.424993
4.470729
4.633871
4.824141
5.054220
5.050565
5.106547
5.035317
5.148408
5.403360
5.356073
5.583156
5.533911
5.653937
5.904104
6.176130
6.162390
6.013060
6.135014
6.360645
6.294137
6.322933
6.291356
6.297489
6.571530
6.585237
6.440398
6.394194
6.460041
6.584291
6.719789
6.653709
6.492441
6.665995
6.615717
6.654225
6.635027
6.577323
6.703458
6.575078
6.769264
6.657222
6.427134
6.786020
6.459330
6.646406
6.596755
6.403260
6.784197
6.455015
6.556046
6.385087
5.988681
6.142071
4.515854
4.149642
3.943475
3.483828
2.827268
