4.808202
4.718075
4.769856
4.652398
4.696033
4.898587
4.881628
4.798573
4.811401
5.005138
4.875980
5.068165
4.952842
4.827553
5.152162
5.016508
5.131581
4.992354
5.150956
5.340624
4.900103
4.845469
5.017820
4.797049
4.948584
4.852424
5.097285
5.112704
5.289597
5.166664
5.105759
5.107550
5.316041
5.389127
5.269705
5.109637
5.050385
5.055555
5.076387
5.059339
5.061687
4.955357
5.113746
5.172807
5.112268
4.929417
4.918826
5.111474
4.981012
4.759113
4.612969
4.551286
4.601933
4.491985
4.450184
4.293909
4.135549
4.156026
4.162898
3.928727
3.854955
3.671884
3.742405
3.742020
3.482183
3.388827
3.403864
3.204253
3.519963
4.073804
5.110753
5.940709
7.004980
8.172825
9.525562
10.838833
11.925754
12.575052
13.674879
14.520243
15.463458
16.101884
17.212435
16.932391
16.798385
18.010563
17.375985
17.186689
16.335559
17.461887
17.469461
17.661507
16.305182
16.527981
16.225382
15.775346
15.852968
15.693223
16.004805
15.722627
15.692955
14.901685
13.461161
12.354497
