7.032854
6.535632
6.000622
5.542967
5.619362
5.423998
5.540671
3.195446
2.823648
4.924204
5.036998
5.196157
5.279728
5.114721
5.275511
5.097116
4.941117
5.062401
4.782051
4.803035
4.418610
4.102453
3.727777
3.242999
2.815928
2.336198
2.025339
1.760891
1.589698
1.709548
1.846782
2.261337
2.773481
3.083057
3.456130
3.603694
3.909567
4.518666
4.766982
5.368535
5.590858
5.688611
6.138930
6.544410
7.404207
7.730361
8.311167
8.993838
9.091581
9.814180
9.778608
9.681265
9.930365
9.494459
9.417634
7.607968
6.663309
5.386965
4.281798
3.095986
2.307364
1.761724
1.538002
1.836476
2.099136
2.424365
2.892653
3.459363
3.563607
3.967983
4.204524
4.326156
4.331131
4.333537
4.715478
4.537011
4.694901
4.605027
4.643965
4.605292
4.443498
4.572090
4.382468
4.367756
4.479568
4.355484
4.274732
4.171618
4.242364
4.102727
3.861370
3.961002
3.909071
3.949360
3.747222
3.456504
3.154443
2.431761
1.801207
1.121926
0.614596
0.583088
0.685672
1.005805
1.285569
1.553270
1.918720
2.400637
2.891000
3.342789
3.918889
4.713734
5.118660
5.913516
6.873795
