7.615230
7.631430
7.206781
6.918311
6.295837
6.242650
5.625234
4.936668
4.078736
3.585021
3.110334
2.993122
3.040056
3.027500
3.108170
3.108221
3.174256
3.340471
3.324184
3.430061
3.367179
3.369909
3.539639
3.423454
3.569753
3.459516
3.490835
3.828362
3.826263
4.041871
3.967580
4.040223
4.340893
4.274230
4.251616
4.421623
4.416021
4.512496
4.433390
4.474098
4.716623
4.693987
4.814817
4.654201
4.567466
4.735099
4.596696
4.559564
4.584287
4.461886
4.611454
4.548064
4.616839
4.514463
4.547923
4.744349
4.782816
4.692674
4.698872
4.915096
4.757380
4.934413
4.835999
4.789716
5.082270
4.931011
5.071896
4.908559
4.984799
5.182982
4.873299
4.843995
5.020678
4.866313
5.076997
4.932821
5.098878
5.095194
5.232951
5.133515
5.077353
5.074804
5.274602
5.326607
5.251604
5.147031
5.158266
5.185459
5.253802
5.212926
5.181707
5.122809
5.290660
5.314808
5.251019
5.130986
5.105545
