1.717731
1.595106
1.586110
1.572237
1.592771
1.637983
1.590419
1.597544
1.563081
1.481632
1.540631
1.537374
1.530626
1.442858
1.493487
1.575077
1.385442
1.284998
1.197427
1.094736
1.028876
0.948119
0.986042
1.057434
1.150094
1.333521
1.431106
1.602665
1.650442
1.752767
1.971394
2.044967
2.338635
2.575110
2.818563
3.158130
3.341500
3.745552
3.854005
4.078165
4.469189
4.584114
4.990041
5.060384
5.130045
5.419110
5.283346
5.485024
5.419589
5.473474
5.728793
5.616671
5.966369
5.900664
5.768478
6.069216
5.926552
5.956680
5.555626
5.526414
5.494900
5.199097
5.155472
5.034311
4.931427
4.661017
4.346394
4.438908
4.348340
4.146869
3.879934
3.632182
3.615537
3.390329
3.435170
3.283192
3.299449
3.574468
3.569566
3.784967
3.776999
3.897692
4.078896
3.881785
3.989896
3.970024
3.889517
3.746881
3.584600
3.637259
3.448943
3.153485
2.716682
2.229319
1.742281
1.007269
0.190414
0.099168
0.169287
0.027363
0.175414
0.166348
0.002721
0.111978
0.075489
0.002812
0.049668
0.129312
0.429428
0.243223
0.056973
0.302434
0.537859
0.155227
0.118956
0.550936
0.419764
0.082750
0.020370
0.373560
0.163371
0.102566
0.130514
0.397518
0.293978
0.248483
0.665851
0.946068
0.937025
1.092148
1.442516
1.717779
1.760933
1.994535
2.390874
2.622058
3.012759
3.344488
3.668179
3.930389
3.814620
4.130733
4.106980
4.016992
3.909694
3.536978
3.291179
2.732375
2.639051
