3.256695
2.721628
2.254925
2.696586
3.003501
3.421938
4.117162
4.545884
4.983010
4.913332
5.000396
5.533014
5.545715
5.775242
5.698619
5.626091
5.714985
5.208611
5.296571
5.305557
5.212825
4.881839
4.340391
4.016760
3.616421
3.454138
3.569655
3.460969
3.650448
3.635876
3.593026
3.766390
3.743688
3.880278
4.190152
4.215089
4.500517
4.535082
4.617963
4.842867
4.802297
5.055931
5.045331
4.986722
5.169477
5.202230
5.239625
5.309433
5.283427
5.478356
5.341546
5.246777
5.229940
5.063953
5.115186
4.915105
5.052479
4.919873
4.809706
4.937145
4.780323
4.995030
5.034999
5.082791
5.416302
5.633104
5.763164
5.712290
5.944657
5.868405
5.795118
6.003617
5.858096
6.111108
5.992017
5.989029
6.220448
5.999372
6.138209
5.998891
5.853654
5.990218
5.729966
5.834274
5.729064
5.811678
5.613229
5.614189
5.743863
5.619835
5.889189
5.652475
5.627595
5.817092
5.673177
5.933423
5.856791
5.726254
5.933414
5.767123
5.928642
5.828874
5.650464
5.769828
5.710166
5.498278
5.480253
5.309842
5.215730
5.249978
5.166337
5.336021
5.367111
5.389537
5.449457
5.187223
5.223858
5.224298
5.307427
5.467699
5.278112
5.215845
5.467730
5.547316
5.754026
5.803028
5.885603
5.625154
6.452198
