12.970588
12.424271
12.238642
13.099067
13.045008
13.204240
12.247872
12.403107
12.188519
11.923211
12.124731
12.008519
12.267210
12.120211
12.161368
11.658225
10.913305
10.453881
9.693221
9.243503
8.585541
8.025577
8.023958
8.205135
8.612050
8.672093
8.945012
9.504961
9.614982
10.143447
10.214202
10.386352
11.027478
11.314637
12.142004
12.493725
12.464768
12.694267
12.843180
12.936140
12.386384
12.510870
12.352177
12.546997
12.364864
12.094987
12.277267
12.011581
12.320557
12.260692
11.744824
11.332351
10.810388
9.941020
9.667834
8.780646
8.415459
8.014988
7.369747
7.181080
6.782082
6.571062
6.344109
6.061738
5.876818
5.774548
5.352099
5.554628
5.153389
4.918320
4.706595
3.974855
3.845896
