4.610878
5.227271
6.446731
7.864814
8.701151
9.511076
9.751191
10.438409
11.427721
12.256499
12.549257
13.029341
14.347187
14.796010
15.018410
15.267059
16.432657
16.544275
16.205258
16.568880
15.979971
16.400719
16.148701
15.658081
16.094874
15.402242
15.087381
14.356482
14.184511
13.363169
13.687313
13.533890
13.344009
13.720430
13.660556
13.849183
14.277288
14.260730
14.922550
15.022050
15.444528
15.877826
15.887426
16.710530
16.747240
16.964500
17.162080
17.004579
17.796750
17.792622
18.039646
18.154830
18.073306
18.859004
17.461658
17.246141
15.384915
14.962861
14.113002
13.054631
12.565067
11.753604
11.552487
11.358762
10.990299
10.680078
10.589912
10.156258
9.756379
8.935296
8.546528
8.829803
8.503884
8.357022
8.258038
8.105670
8.296418
8.056174
6.957573
6.061843
5.452007
5.122555
4.902950
4.731528
4.782402
5.129080
5.620141
5.598729
5.814286
5.662754
5.789092
5.501146
5.027005
4.982901
5.005193
5.084768
