34.824953
36.415009
38.184341
35.925541
34.611549
34.016197
31.944739
30.372795
27.092989
19.112211
17.922382
16.282258
14.867062
14.478739
13.124978
11.658007
6.800389
5.990233
6.092008
5.706210
5.516898
5.413677
4.874740
4.809201
4.961441
4.814221
4.477505
4.576312
4.647410
4.826788
4.574313
4.752079
4.672516
4.829029
4.633408
4.575084
4.796522
4.537636
4.482206
4.647891
4.604983
4.782793
4.615090
4.315737
4.514892
4.319546
4.477198
4.295875
4.482940
4.567279
4.414901
4.607408
4.526618
4.680015
4.586175
4.330573
4.316812
3.884165
3.871122
3.715400
3.669814
3.835852
3.735497
3.906180
3.906264
3.736070
3.993351
4.244855
4.339645
4.604706
4.855684
4.711020
5.049237
5.172176
5.148045
5.216066
5.093064
5.305332
5.666745
5.903357
6.395289
6.487224
6.625566
6.837256
6.987842
7.493150
7.443916
8.595007
8.425920
8.432513
8.070756
8.096222
7.664545
7.352226
7.565131
6.540702
5.668775
4.618943
3.279498
2.565900
3.166067
4.851633
6.741567
7.917046
9.098187
19.076689
19.392847
19.236355
18.619126
19.175624
18.784888
18.300441
18.439446
17.702011
17.135241
16.540539
15.363314
14.752609
13.713274
13.946327
13.852975
13.634443
14.124503
13.711404
14.086576
13.978543
14.381293
15.036273
15.128850
15.923023
16.109997
16.810765
17.496555
17.618514
18.573308
18.829153
19.165419
19.461932
19.284639
20.121062
20.100573
20.323290
20.612048
20.372891
21.222004
19.685680
19.056657
17.875731
16.564546
15.998711
15.043056
13.842151
13.264509
12.339014
12.018611
11.816282
11.440563
11.151913
11.155849
10.698136
10.287262
9.477827
9.117923
9.421858
9.126265
9.013038
8.898924
8.709054
8.900160
8.742779
7.793978
6.892119
6.090732
5.524962
4.867362
4.166841
3.946145
3.984796
3.621223
3.211629
3.026319
3.066991
3.209977
2.886514
2.929400
2.898254
3.018252
3.854400
