4.893542
4.659560
4.376394
4.577718
4.493781
4.580305
4.473524
4.485202
4.714751
4.649977
4.797177
4.750571
4.619600
4.628412
4.312103
4.239683
3.870964
3.556133
3.241307
2.954390
2.906901
2.638653
2.657341
2.598720
2.594847
2.622028
2.635812
2.783045
2.780285
2.826193
2.851199
2.900336
3.110588
3.150079
3.376020
3.430928
3.714248
3.769131
3.840744
4.192187
4.141175
4.311491
4.293566
4.234471
4.415883
4.171352
4.304211
4.198636
4.283943
4.132333
4.033912
4.082001
3.941195
4.044569
3.949518
3.896918
3.809249
3.681985
3.766210
3.578622
3.641102
3.582282
3.553426
3.711755
3.560763
3.681872
3.708796
3.744832
3.769200
3.795896
3.910859
3.849041
3.882915
3.924381
3.911795
4.073781
4.030172
4.245774
4.143442
4.074215
4.146014
4.007358
4.143692
4.030110
3.993448
3.834383
3.600809
3.600332
3.434295
3.231722
3.211152
3.033248
3.078675
2.986253
2.993641
3.255624
3.416082
3.792043
4.066783
4.817893
5.336365
5.858006
6.266390
7.044457
7.409544
7.539568
7.900254
8.084088
8.586205
8.793901
8.832877
8.953830
9.514679
9.589543
9.368129
9.668981
9.337090
9.298254
8.100240
7.219514
6.668517
5.692112
5.143826
4.323563
3.895578
3.694460
