4.906636
5.913861
6.948908
7.649204
8.438587
9.878301
10.543513
11.340747
11.212002
11.430704
12.335372
12.235230
12.648820
12.457608
12.109038
12.415052
11.053174
1.477498
1.404102
1.469789
1.443735
1.294292
1.369188
1.856581
2.333895
2.813084
3.172559
3.478380
3.731127
3.907308
4.258779
4.324163
4.208821
4.443405
4.728528
4.842916
4.881754
4.899636
5.170574
4.969559
4.824355
4.880975
4.681786
4.696962
4.577767
4.771027
4.621611
4.529855
7.607068
7.561555
7.759411
7.713480
7.596307
7.846305
7.717242
5.837361
4.528431
4.496410
4.706259
4.805133
5.504929
5.455260
5.150506
5.377809
5.298768
5.424259
4.913943
