5.082608
4.940519
5.159321
5.463056
5.880177
6.866767
7.227316
8.239242
8.949496
9.501208
10.603688
11.024290
12.044181
12.325636
13.276282
13.314886
13.311320
13.804643
13.790698
14.446486
13.863308
13.617496
13.504840
12.858999
12.640118
11.640236
11.114171
10.279391
9.338089
9.117941
8.549605
8.123940
8.157110
7.636434
7.308654
6.690112
6.247215
6.097169
5.646357
5.328166
5.437007
5.231709
5.394277
5.310157
5.189378
5.357945
5.228790
5.407544
5.219019
5.070785
5.118100
4.865297
4.827469
4.857057
4.797588
4.851317
4.643568
4.839081
4.718280
4.620036
4.784842
4.789390
4.747698
4.654839
4.630823
4.784768
4.593227
4.768033
4.672268
4.756127
4.707856
