5.988949
5.620658
4.838090
4.432740
4.202535
3.854442
3.652858
3.447844
3.322675
3.116263
2.910409
2.803017
2.460684
2.316139
2.196563
2.252791
2.196094
2.029796
2.090076
2.007035
1.899281
1.920191
1.807820
1.741443
1.480859
1.433532
1.471395
1.265533
1.120615
0.982910
0.894506
0.763082
0.642517
0.560091
0.486470
0.404968
0.478118
0.533225
0.574865
0.516886
0.607970
0.803549
0.857779
0.893132
1.012761
1.127227
1.212767
1.402442
1.760992
1.870757
1.929546
2.205188
2.346065
2.318285
2.366198
2.530081
2.730626
2.441721
2.407933
2.370367
2.425574
2.218250
2.090404
2.075798
1.932989
1.988233
2.208795
2.277418
2.231595
2.274888
2.443773
2.137176
1.804176
