5.606986
5.409265
5.317913
5.244206
5.225712
5.509619
5.187246
5.046370
4.842989
4.507029
4.100652
3.538431
3.516887
3.390013
3.407422
3.250144
2.956615
3.178830
3.255519
3.138096
3.071399
3.050693
2.932287
2.848130
2.771524
2.730717
2.898297
2.920397
3.105760
3.394424
3.579255
3.804522
3.857037
4.004681
3.964984
3.957243
4.130637
4.381418
4.260664
4.242835
4.549336
4.300644
4.536926
4.759658
4.837776
5.032566
5.166795
5.637011
5.280358
5.105559
5.022014
4.999804
4.994405
4.957141
5.727925
5.968620
5.846209
