3.855666
3.786701
3.789135
3.959910
3.792691
3.743825
3.690230
3.877647
3.781819
3.969026
3.891342
3.955587
4.206528
4.109059
4.100313
4.273529
4.257839
4.351517
4.269118
4.299007
4.507993
4.481151
4.587155
4.431849
4.352688
4.518368
4.398514
4.383226
4.437634
4.351152
4.509230
4.462300
4.544568
4.450169
4.476907
4.668975
4.733617
4.641112
4.645426
4.870789
4.697691
4.866685
4.776243
4.770234
5.046825
4.887247
5.041187
4.865616
4.899457
5.102107
4.859163
4.843186
5.022244
4.903417
5.143360
4.976235
5.099790
5.084807
5.199863
5.114976
5.061884
5.057059
5.252073
5.294111
5.242712
5.164259
5.204543
5.240046
5.322277
5.273622
5.228494
5.184011
5.358307
5.367781
5.293003
5.196080
5.168437
5.314180
5.219848
5.021957
4.843780
4.732222
4.798157
4.710978
4.589689
4.414404
4.315391
4.351790
4.277288
4.061993
4.010308
3.876052
3.903393
3.826572
3.608593
3.540304
3.516366
3.307919
3.396713
3.450876
3.781758
4.077759
4.516698
5.028636
5.704068
6.372555
6.943635
7.277254
7.858394
8.313025
8.895451
8.678462
8.656512
8.421755
8.291917
7.750497
6.852005
6.182312
4.188812
3.692730
3.839946
4.210391
4.437504
4.912312
5.582823
5.891398
6.599600
6.961333
7.365501
8.099950
8.799986
10.127145
10.766284
10.936716
11.885564
