12.698342
12.444297
12.515695
13.665006
13.610577
13.961767
13.781062
14.200416
13.303785
13.060933
12.500191
11.537615
5.039349
3.792058
2.659637
2.170329
2.086178
2.190572
2.186022
1.993116
1.805846
2.072150
2.381961
2.821709
3.143316
3.718589
3.867386
4.221932
4.428621
4.837371
4.880294
4.900795
5.172770
4.969890
4.822765
4.878859
4.679036
4.692092
4.769164
4.619400
4.528241
4.712066
5.536350
6.478854
7.177815
7.578881
7.538649
7.749440
7.707316
7.593077
7.849475
7.715540
8.057563
7.850474
7.843397
8.165567
7.821247
7.789471
7.405496
6.970577
6.967494
6.374425
6.116509
5.835564
