5.716145
5.901861
5.814187
5.679804
5.884118
5.724960
5.894247
5.795686
5.617459
5.744544
5.594894
5.565428
5.344326
5.241707
5.264870
5.182445
5.333131
5.349974
5.374004
5.446589
5.194196
5.222424
5.201110
5.282877
5.451469
5.271052
5.176344
5.353040
5.344107
5.545948
5.523751
5.601711
5.792695
5.690417
5.782604
5.641531
5.669121
6.012634
6.081761
6.383737
6.336288
6.494116
6.511451
6.553356
6.731476
6.920136
6.796513
6.993387
6.801002
6.953974
7.103713
6.969826
7.213788
7.048583
7.201993
7.307528
7.136966
7.354666
7.200784
7.360321
7.433029
7.296468
7.332949
7.288576
7.454444
7.552804
7.342649
7.288724
7.529997
7.405573
7.462721
7.241152
7.215917
7.525019
7.393808
7.475410
7.369988
7.040069
7.366548
7.286908
7.484634
7.530312
7.330365
7.803767
7.447989
7.681646
7.601716
7.310938
7.687337
7.287268
7.547556
7.548960
7.240569
7.855662
7.479056
7.671143
7.586709
7.447679
7.847699
7.590220
7.877676
7.805545
7.742569
8.054126
7.884841
8.036013
8.081027
7.925661
8.179636
7.841501
8.044041
7.865874
7.751180
8.014334
7.838349
7.776203
7.639807
7.547770
7.796549
7.726450
7.750788
7.713249
7.652840
7.907509
7.683245
7.957635
7.868551
7.795050
8.051785
7.957512
7.827074
8.049555
7.853880
8.111125
