4.360910
4.205505
4.317209
4.110317
3.958886
3.873248
3.766879
3.789984
3.634263
3.692946
3.525419
3.305867
3.393021
3.254730
3.254602
3.064703
2.947873
2.868940
2.589909
2.529961
2.357109
2.130931
1.955539
1.747197
1.680958
1.476721
1.235899
1.113210
0.905571
0.767294
0.663104
0.701800
0.728877
0.716364
0.770088
0.832773
0.804406
0.787161
0.777586
0.852398
0.829159
0.830422
0.899529
0.920325
0.934342
0.965942
1.028799
0.977662
0.991251
1.133743
1.239490
1.206819
1.338208
1.875361
2.015537
2.072869
2.085215
2.229874
2.270588
2.433040
2.337846
