3.641483
3.867874
3.738944
3.769821
3.490773
3.493430
3.485932
3.274433
3.228758
3.175972
3.107269
2.978792
2.800559
2.851298
2.773214
2.669389
2.498713
2.345358
2.339668
2.193674
2.212047
2.110327
2.125112
2.306867
2.295748
2.436046
2.433191
2.512881
2.619414
2.491318
2.533051
2.519042
2.463727
2.371765
2.278447
2.316919
2.182864
1.939241
1.715710
1.399246
1.092569
0.630230
0.118994
0.060724
0.104735
0.016901
0.106680
0.101370
0.001660
0.068794
0.046665
0.001715
0.030730
0.079905
0.265354
0.149118
0.034972
0.186966
0.332302
0.094904
0.072706
0.340385
0.257106
0.051173
0.012544
0.228224
0.093878
0.109834
0.120650
0.260382
0.225128
0.228725
0.435668
0.596712
0.586195
0.676075
0.891672
1.057483
1.082979
1.238361
1.478729
1.629559
1.848815
2.065610
2.280857
2.433358
