12.556192
12.105764
11.846718
10.773634
9.814513
9.434836
8.913496
8.452592
7.537643
6.991054
6.817178
5.979255
5.538311
4.857605
4.447732
4.020815
3.690423
3.678493
3.517536
3.373523
2.924289
2.880477
3.037208
3.011171
3.112598
2.935884
2.940436
3.199785
3.286893
3.271437
3.494872
3.754954
3.949023
3.978184
4.082553
4.150428
4.275416
4.649103
4.880439
4.832118
4.820336
5.001413
5.091137
5.094739
4.998461
4.983717
5.066019
5.073097
5.126221
5.153436
5.276980
5.384842
5.247341
5.227943
5.036452
4.853283
4.776638
