11.840239
9.918945
8.866466
8.425371
7.925152
7.809450
7.597562
6.656916
5.506930
4.739991
4.375193
3.936344
3.602695
3.346791
3.243732
3.036172
3.157446
3.015491
3.055930
3.540272
4.320466
5.590673
6.861372
8.011303
9.635169
10.978268
12.678695
13.282921
13.652172
14.173902
15.841786
15.763874
16.372449
17.614469
17.565815
16.552573
14.226006
12.465913
12.517694
12.452600
13.094109
2.461688
1.283367
0.435903
0.156511
0.548055
1.145623
1.566653
1.779362
1.897478
2.112728
2.055035
2.081523
2.165701
2.186264
2.541999
2.491541
2.781772
3.641672
4.024294
4.409337
4.376389
4.492829
5.135360
6.295738
5.160069
5.014629
4.882176
5.162570
