4.748847
4.767831
4.408344
4.662987
4.746323
4.857532
4.790086
5.016247
5.149183
5.151939
5.003767
5.022805
5.219876
5.240920
5.311524
5.204711
5.060979
5.232652
5.061588
5.044002
4.942747
4.733231
4.743099
4.602206
4.450036
4.342155
4.130027
4.236034
3.923675
3.729811
3.681429
3.628046
3.628717
3.404907
3.280520
3.308486
3.127880
3.231446
3.085202
3.081183
3.101165
2.942105
2.929121
2.799098
2.678481
2.663785
2.511438
2.723393
2.964156
3.360452
3.848844
4.229632
5.073447
5.610113
6.097413
11.000464
11.344806
11.331092
11.944759
11.810425
12.417327
12.619984
12.956972
13.098720
13.437606
