1.851624
1.449639
1.572884
1.664557
1.628606
1.678852
1.766989
2.126998
2.083788
2.057934
2.150188
2.294678
2.500501
2.617803
2.867682
2.809894
2.811383
2.824146
2.816361
2.813629
2.570558
2.336841
2.232051
1.980230
1.661156
1.319496
1.229776
1.496438
1.813442
2.251313
2.565622
2.922800
2.977817
2.851153
3.120126
3.106684
3.168127
3.069908
2.960638
3.099792
2.969957
3.038536
3.201832
3.132065
3.026896
2.773185
2.794811
2.523461
2.218517
2.296349
2.203731
2.201657
2.270515
2.275448
2.431323
2.498086
2.684828
