3.870875
3.785550
3.839526
3.738988
3.709447
3.680336
3.638558
3.713700
3.669306
3.656221
3.647526
3.657198
3.794685
3.730003
3.653354
3.614573
3.547671
3.560917
3.571232
3.556693
3.497350
3.352374
3.443811
3.429803
3.311560
3.398345
3.311250
3.309409
3.154598
3.170554
3.124666
2.983855
3.003774
2.827031
2.689834
2.650513
2.455767
2.328056
1.997232
1.790284
1.844364
2.043114
2.719884
3.363272
3.885029
4.622463
5.274378
6.189242
6.503753
6.924834
7.555109
8.005873
8.520813
8.428874
9.026441
9.338013
9.503874
9.962593
9.771496
10.317382
10.445585
10.699510
10.988381
11.061413
11.702359
11.793763
12.028033
12.262142
12.386116
12.599624
11.842813
11.825579
11.302365
10.669704
10.485011
10.034134
9.805319
9.586203
8.914868
8.706474
8.063204
7.442698
7.227532
6.640093
6.633191
6.185102
5.758475
5.928298
5.766237
5.643361
5.584894
5.663580
5.668771
5.506020
5.514185
5.991665
6.075824
6.512634
6.631082
6.782540
7.026004
6.870935
7.423068
7.833514
8.141439
9.024375
