3.553684
3.426426
3.502916
3.665500
3.629916
3.671482
3.552526
3.616932
3.348398
3.300768
3.221641
3.348926
3.145790
3.278332
3.310442
3.329996
3.431829
3.408984
3.555561
3.480260
3.372781
3.388387
3.173337
3.101117
2.489516
2.559074
2.511402
2.370992
2.349641
2.440068
2.463091
2.800025
3.361064
3.456022
3.817277
3.967251
3.933351
3.886570
3.680249
3.775902
3.436234
3.505841
3.520575
3.508193
3.519161
3.563896
3.673789
3.622783
3.593946
3.531263
3.533225
3.562429
3.554010
3.494860
3.349376
3.443389
3.429714
3.311547
3.397212
3.306950
3.307453
3.152434
