0.020766
0.018200
0.019276
0.019601
0.020488
0.017306
0.018852
0.022540
0.018215
0.018570
0.019879
0.016969
0.018123
0.023810
0.027488
0.022401
0.015635
0.022922
0.038865
0.019962
0.027270
0.015347
0.018527
0.017143
0.016363
0.014882
0.018486
0.016117
0.015868
0.018525
0.016098
0.013932
0.015940
0.014348
0.012949
0.013483
0.014928
0.013751
0.013069
0.013035
0.014911
0.013293
0.014267
0.013590
0.013315
0.013619
0.013370
0.013533
0.013178
0.012763
0.013595
0.014916
0.014814
0.013982
0.015071
0.014973
0.018896
0.011921
0.026496
0.017490
0.014513
0.012156
0.011404
0.011844
0.016555
0.010206
0.019126
0.019043
0.010839
0.011989
0.013626
0.029037
0.016565
0.025298
0.026896
0.028705
0.013736
0.011532
0.017777
0.021598
0.037492
0.026651
0.020100
0.020322
0.021867
0.012415
0.009427
0.022345
0.017141
0.020988
0.019171
0.023305
0.011257
0.003397
0.011054
0.016484
0.013956
0.013149
0.011692
0.017303
0.012394
0.011748
0.013551
0.012478
0.009123
0.013203
0.019582
0.005670
0.011806
0.016671
0.008939
0.003965
0.014147
0.017122
0.011544
0.008770
0.013806
0.016626
0.015600
0.015448
0.017747
0.009151
0.012254
0.015030
0.012119
0.009611
0.019141
0.013257
0.007819
0.017137
0.005584
0.013780
0.008992
0.003159
0.019434
0.016847
0.005723
0.007796
0.016945
0.016796
0.012483
0.015355
0.016469
0.016598
0.015982
0.017460
0.016717
0.018408
0.011732
0.017601
0.011806
0.007557
0.006158
0.017492
0.004211
0.015431
0.016849
0.014300
0.018957
0.017244
0.017025
0.017907
0.002905
0.019328
0.008623
0.018887
0.003691
0.009170
0.014736
0.019997
0.013270
0.012705
0.020322
0.013920
0.003038
0.020429
0.019155
0.014784
0.018882
0.020167
0.012288
0.004378
0.016598
0.012677
0.017226
0.052837
0.116005
0.075063
0.020639
0.037249
0.038650
0.045443
0.054350
0.079168
0.137167
0.178767
0.195038
0.253485
0.337633
0.379046
0.459919
0.512608
0.535383
0.563922
0.555186
0.593715
0.561776
0.541095
0.542626
0.514798
0.499495
0.485555
0.485067
0.496259
0.476869
0.452277
0.458799
0.525938
0.599148
0.621449
0.691855
0.794135
0.940112
1.078056
1.136781
1.273648
1.367694
1.612330
1.482119
1.359126
1.244999
1.171701
1.058188
0.993171
