1.964816
1.939674
1.942602
1.997890
2.124456
2.172769
2.306195
2.245307
2.260567
2.266765
2.252776
2.257766
2.099109
1.966636
1.937294
1.802622
1.693561
1.572231
1.599245
1.857142
2.018305
2.315310
2.477304
2.710062
2.773185
2.672678
2.882850
2.834033
2.908723
2.861226
2.770060
2.888755
2.773644
2.847518
2.993415
2.955741
2.935638
2.781632
2.850834
2.764540
2.589437
2.712982
2.638828
2.673423
2.715926
2.691884
2.834736
2.788196
2.952784
2.981110
3.018652
3.182510
3.149576
3.325732
3.340881
3.366730
3.554830
3.531193
3.754899
3.815712
3.875065
4.021837
3.924453
4.064414
4.014252
4.068894
4.086410
4.015344
4.147338
4.093503
4.088182
4.034593
3.938329
4.102595
4.079857
4.114540
4.132504
4.151279
4.339602
4.338366
4.367903
4.401693
4.370135
4.501214
4.461138
4.457843
4.416729
4.380790
4.503059
4.447127
4.451219
4.384893
4.300578
4.416504
4.343790
4.318799
4.262481
4.173892
4.255568
4.159959
4.055876
3.986677
3.848210
3.906020
3.756893
3.649320
3.596758
3.501759
3.545289
3.415940
3.294313
3.348270
3.208673
3.266003
3.115975
3.120667
3.111535
2.960411
2.962116
2.811510
2.683469
2.657990
2.487155
2.546818
2.509805
2.551840
2.699652
2.717683
2.981672
3.093979
3.223667
3.526078
3.685402
4.073073
4.173997
4.377784
4.672671
4.596113
