4.561161
4.547260
4.461066
4.641142
4.728524
5.030451
5.088285
5.080356
5.233210
4.907407
4.948189
4.802867
4.961836
5.207894
4.898717
4.645532
4.463752
4.424502
4.641582
4.893593
4.930536
4.961030
4.998804
5.301490
5.827463
6.025101
6.522705
6.600517
6.820414
6.859870
6.848262
7.023359
6.916236
7.087116
7.281305
7.178595
7.361592
7.186308
7.360508
7.610359
7.442887
7.616751
7.704171
7.513643
7.693095
7.554426
7.705018
7.714081
7.512630
7.558742
7.579409
7.736540
7.764502
7.547462
7.666612
7.484762
7.424997
7.140574
7.092954
7.440169
7.248338
7.297789
7.208151
6.825016
7.100609
