14.592867
14.697839
15.745369
15.688193
15.401002
15.998197
15.368374
15.298192
13.516549
12.272534
11.586383
10.165874
9.549219
8.378784
7.852434
7.640608
7.533583
7.784793
7.275909
6.544520
5.568223
4.584366
3.986724
3.618446
3.712586
3.749845
4.239948
4.446739
4.634691
4.820464
5.037653
5.045905
5.107183
5.035780
5.147896
5.400920
5.356092
5.581748
5.529883
5.648527
5.896793
6.138653
6.124314
5.991753
6.103974
6.327910
6.275677
6.291862
6.250332
6.268029
6.538676
6.558555
6.423886
6.371064
6.433979
6.562248
6.689618
6.620678
6.470391
6.641397
6.599352
6.645593
6.623978
6.559401
6.694782
6.565737
6.762873
6.652805
6.424939
6.788080
6.464803
6.651421
6.600184
6.404695
6.785604
6.455864
6.557059
6.385389
5.992709
6.153374
5.688403
5.644068
5.466192
5.274710
5.144346
4.976422
5.042241
4.761253
4.864753
