21.196942
18.595365
16.933554
14.571697
12.394917
11.410613
10.209583
9.211697
8.857219
8.016524
7.150612
6.211860
5.601881
5.404078
5.083592
4.932680
5.101729
4.967211
5.082235
4.985152
4.871126
5.028821
4.872260
5.013417
4.916213
4.795993
4.927446
4.858864
4.784722
4.718909
4.876951
4.760569
4.845404
4.739870
4.714737
4.843554
4.747895
4.739703
4.711883
4.618739
4.754508
4.607291
4.779441
4.672091
4.705226
4.758101
4.684759
4.839804
4.804641
4.688005
4.764289
4.703129
4.774975
4.936528
4.871014
