5.003623
5.235776
5.351900
5.717811
5.666215
5.643821
5.933655
5.837074
6.070550
5.894913
5.826707
6.003032
5.819115
5.438001
5.386084
5.348924
5.301750
5.117540
5.048616
5.021439
4.833414
4.947175
4.950150
4.766343
4.821572
5.039478
4.977583
5.086326
4.978571
5.114017
5.205964
5.043299
5.196281
5.013817
5.148769
5.358738
5.266223
5.221847
5.474168
5.403608
5.555829
5.449317
5.409539
5.557302
5.576159
5.690372
5.392111
5.305074
5.565175
5.459350
5.473646
5.198927
5.095947
5.254704
5.263090
5.112123
4.893778
4.714013
4.697751
4.594497
4.618732
4.431590
4.360360
4.483787
4.274609
4.383958
4.266956
4.183122
4.398947
4.320311
4.472244
4.412058
4.372839
4.622245
4.567703
4.562911
4.822618
5.012157
5.389497
5.594549
5.906520
8.665518
