7.147809
8.358338
9.223118
10.099776
11.602383
12.363352
13.271409
13.025221
13.123907
14.224921
14.153127
14.694683
14.419999
14.247834
14.585488
13.445940
13.703230
13.523233
13.153742
12.366841
11.098440
10.201670
8.640679
7.250635
6.486062
5.547492
5.346087
5.258165
5.304022
5.462301
5.247084
4.979941
4.957559
4.708518
4.840067
4.757453
4.773401
4.998242
4.909730
5.134513
5.109753
5.054356
5.234797
5.232716
5.258701
5.324407
5.296681
5.489528
5.359614
5.270882
5.249889
5.087101
5.143299
4.937795
5.070475
4.937936
4.825406
4.948155
4.787797
4.997314
5.028843
5.067321
5.395568
5.611523
5.738867
5.687558
5.923026
5.842308
5.774081
5.977259
5.824391
6.072526
5.941700
5.930272
6.152825
5.953242
6.103717
5.973540
5.839891
5.986735
5.744613
5.847897
5.735501
5.810092
5.599252
5.566623
5.643945
5.529673
5.762188
5.439081
5.412990
5.620170
5.539182
5.891662
5.815649
5.653143
5.863874
5.715546
5.874056
5.769319
5.541214
5.580766
5.428499
5.128196
5.161379
5.063792
4.975442
5.078403
5.062804
5.277590
5.318059
5.330366
5.417736
5.139994
5.177177
5.134326
5.242209
5.427378
5.201360
5.079946
5.151415
5.094391
5.265410
5.244122
5.370787
5.621004
5.559022
5.615168
5.490644
5.575403
5.956608
6.065730
6.426113
6.421600
6.629542
6.648851
6.647919
6.801620
6.687852
6.863360
7.047999
6.943236
7.119926
6.936166
7.094895
7.243219
7.106099
7.350980
7.194707
7.360614
7.448320
7.261774
7.451646
7.315649
