2.580291
2.770332
3.277019
3.886424
4.361402
4.873097
5.028294
5.188659
5.207912
5.178968
5.271437
5.106821
5.277678
5.094969
4.945347
5.071581
4.774226
4.786146
4.356543
4.002948
3.567617
3.014452
2.468678
1.891363
1.445608
0.919721
0.379440
0.686050
1.158379
1.809805
2.348065
2.762147
3.140108
3.378220
3.705792
4.373586
4.636945
5.224445
5.457330
5.534179
6.018931
6.408073
7.182302
7.541448
7.850511
8.829135
9.493963
9.468733
9.346020
9.651763
9.272256
9.259542
8.497140
7.601110
6.937626
5.821330
5.064945
4.137614
3.770514
3.456457
3.300355
3.301814
3.348900
3.554064
3.680011
4.048203
4.025372
4.316891
4.417566
4.503476
4.514000
4.516404
4.819574
4.665598
4.842027
4.735363
4.712300
4.721812
4.526187
4.653375
4.477029
4.468158
4.519829
4.396197
4.399944
4.267128
4.286265
4.177577
3.973425
4.059831
3.956456
4.003521
3.832566
3.611108
3.474563
2.997558
2.671742
2.229287
1.819559
1.692866
1.447206
1.216929
0.983916
0.799254
