3.906170
3.959508
3.756444
3.830116
3.748643
3.626853
3.877236
3.971980
4.263165
4.221039
4.243605
4.609025
4.673814
5.237170
5.626014
6.184646
7.707706
8.861595
9.421557
10.243855
10.257252
10.474935
11.227856
11.012283
11.380542
11.296329
11.421628
11.977623
11.966592
12.503521
13.433524
13.900861
14.826548
15.914811
16.533126
17.568122
18.223881
17.835916
18.490289
18.104983
18.090259
18.599428
9.438234
8.997294
8.512647
8.358214
8.128955
7.253761
6.130418
5.365400
5.007308
4.544889
4.181660
3.901130
3.768662
3.523533
3.665311
3.502107
3.537096
4.062693
4.807601
6.016215
7.216206
8.278430
9.923534
11.237069
12.935160
13.496757
13.928408
14.386417
15.848676
16.042464
16.609989
17.744955
17.784091
17.892117
16.633715
16.509017
16.687569
14.341731
12.684041
12.831998
12.669314
13.240514
11.384664
10.366473
10.045583
8.675185
7.505537
6.709579
5.557976
4.283559
2.691206
