3.405222
3.280868
3.309897
3.131619
3.232884
3.086234
3.082162
3.101282
2.942108
2.929015
2.799138
2.678495
2.663755
2.511435
2.725439
2.976419
3.391438
4.337189
5.219993
5.796464
6.282938
7.074504
7.592341
8.537115
8.762802
9.158190
9.723986
10.074001
10.650958
10.466880
11.094905
11.363520
11.513581
12.117971
11.952165
12.651326
12.798420
13.065409
13.433535
13.556836
14.399282
14.458584
14.701201
14.920119
14.967434
15.294071
14.393728
14.318560
13.621592
12.731686
12.392266
11.762866
11.509270
10.970620
7.569854
5.082634
5.170707
5.128827
5.117398
5.463218
5.484634
5.854949
6.002747
6.195679
6.381723
6.202954
6.878257
7.663661
8.333289
9.856217
10.620606
11.836677
13.001516
14.172683
14.991534
15.796329
17.604312
18.303076
19.485831
19.072945
19.089340
20.509105
20.312439
21.111845
20.587974
20.318238
20.909126
19.470227
19.732305
