7.091063
6.859824
7.304682
7.299038
7.260049
6.565881
6.498710
6.289758
5.928475
5.870886
5.796086
5.832797
2.405956
2.556888
2.751640
3.006422
3.175631
3.568587
3.846451
4.094464
4.505768
4.876285
5.609277
6.092467
6.090811
6.280425
6.559272
6.624164
6.336656
6.524714
6.587503
6.683303
6.856231
6.589992
6.829133
6.895841
6.759998
7.065951
6.408899
6.257212
5.808187
5.475869
5.194504
4.616069
4.473338
3.967898
3.889505
3.688605
3.554501
3.467600
3.302179
3.231870
3.239307
3.048279
3.132921
2.934009
2.856373
2.766555
2.787691
2.677944
2.509863
2.460253
2.384506
2.361759
2.255074
2.143620
2.097408
2.035468
1.991329
1.936194
1.861424
1.930869
1.879563
1.855269
1.943791
1.793574
1.854696
1.826582
1.857803
1.793752
1.770858
1.822425
1.787035
1.791283
1.736466
1.752933
1.755810
1.734997
1.744674
1.684872
1.661367
1.706634
1.675331
1.713848
1.695944
1.730288
1.888464
1.880721
1.988265
1.982166
2.051212
2.102470
2.050988
2.129729
2.065959
2.114770
2.130842
2.073093
2.146498
2.077804
2.126528
2.205463
2.192361
2.292503
2.276772
2.406900
2.502252
2.479723
2.631275
2.609824
2.704051
2.788912
2.774663
2.921863
2.863890
3.027262
3.062085
3.099249
3.250898
3.218854
3.386548
3.380005
3.368579
3.499994
3.404853
3.510349
3.434823
3.372442
3.469462
3.338363
3.442052
3.396183
3.394871
3.398131
3.325291
3.432772
3.394766
3.423654
3.498831
3.554434
3.785135
3.817933
3.914732
3.995897
4.029210
4.176597
4.140571
4.181541
4.183198
4.166691
4.258295
4.152809
4.137742
4.134884
4.077358
4.175072
4.100646
4.077290
4.015718
3.953148
4.060984
4.024184
4.005749
3.968131
3.917709
4.025277
3.949853
3.870515
3.816694
3.707539
3.738302
3.663344
3.602143
3.547028
3.428564
3.495406
3.422972
3.303200
3.374363
3.262431
3.288481
3.136217
3.146680
3.118256
2.972538
2.984474
2.819869
2.686771
2.654262
2.471772
2.450086
2.345820
2.468875
2.837241
3.245146
4.146245
4.893350
5.576761
6.612788
7.467125
8.677785
9.050441
9.579092
10.420680
11.024995
11.716433
11.539747
12.358899
12.824427
13.084360
13.724612
13.473609
14.311039
14.465351
14.751083
15.175371
15.325737
16.262163
