18.965707
17.511244
16.396956
13.952243
11.890276
10.584283
8.698250
7.551935
6.940878
6.393755
6.186857
6.049649
5.302814
4.389331
3.652650
3.235002
2.925461
2.716062
2.588496
2.606886
2.466184
2.511397
2.414686
2.425869
2.602065
2.862058
3.566457
5.116034
8.633746
9.486558
8.698326
8.872078
9.172864
8.465199
8.401579
7.893774
7.969252
7.341269
6.864815
6.677814
6.199735
5.694369
5.171544
4.852040
4.777158
4.595812
4.564353
4.313895
4.206173
4.351077
4.268121
4.316742
4.240204
4.242638
4.462765
4.253231
4.277957
4.132840
3.993253
3.965972
3.716198
3.694118
3.691485
3.679856
