5.412294
5.240383
5.139910
5.191895
5.128983
5.307216
5.332435
5.349548
5.431088
5.168648
5.199272
5.158706
5.252083
5.432985
5.226846
5.109155
5.202787
5.148795
5.314730
5.323127
5.432988
5.660003
5.574742
5.651265
5.542755
5.631457
5.989169
6.075471
6.389854
6.339130
6.515618
6.534536
6.546493
6.697590
6.575831
6.748686
6.916869
6.786619
6.985670
6.794010
6.946222
7.098956
6.959871
7.203055
7.036030
7.188358
7.292750
7.119324
7.338114
7.176286
7.340660
7.417429
7.286467
7.324686
7.282462
7.449446
7.552640
7.346349
7.293941
7.535028
7.409686
7.459916
7.232936
7.204929
7.518356
7.383510
7.461626
7.359853
7.026026
7.348685
7.268943
7.468800
7.522195
7.325918
7.798427
7.438787
7.672659
7.593981
7.302609
7.680905
7.280914
7.540319
7.542526
7.242194
7.848599
7.476817
7.669712
7.579864
7.444462
7.839940
7.588302
7.867137
7.796261
7.737835
8.049790
7.883736
8.030320
8.080517
7.921577
8.175643
7.836727
8.040164
7.863412
7.755607
8.020913
7.866803
7.809607
7.695460
7.617945
7.871707
7.814391
7.870352
7.869402
8.093240
7.900719
