16.626369
15.946339
15.458348
14.889426
13.870971
13.307444
12.343056
12.527929
12.390181
12.326634
12.721323
12.328722
12.681085
12.562213
12.932795
13.495346
13.591335
14.218273
14.447081
14.994768
15.534736
15.765848
16.675357
16.797273
17.123804
17.388328
17.130150
18.005375
17.908561
18.166958
18.252728
18.154435
18.892443
17.626388
17.093060
16.025600
14.926970
14.700447
12.684128
12.221416
11.439098
11.258439
11.142868
10.798542
10.616822
10.636358
10.251407
9.941930
9.186726
8.868766
8.927949
