4.461144
4.496993
4.327736
4.314048
4.246596
3.906657
3.684245
3.689071
3.444595
3.094056
2.977572
3.130867
3.064445
3.024837
3.149993
3.107987
3.169286
3.182293
3.334273
3.326246
3.298592
3.402238
3.324049
3.449975
3.429811
3.462369
3.650579
3.612874
3.849250
3.917269
4.178788
4.227713
4.392612
4.416675
4.685465
4.754355
4.678654
4.754351
4.739330
4.957270
4.985845
4.832197
4.907269
5.206192
5.266719
4.832859
4.661525
4.642738
4.322753
4.336460
4.031096
3.995793
4.005655
3.983058
4.157891
4.034927
3.844506
3.711015
3.641314
3.661106
3.675340
3.939102
3.988245
4.413572
4.507940
4.619626
4.773607
4.944512
4.990563
5.096977
5.030314
5.108512
5.359579
5.348781
5.544726
5.470285
