7.426675
7.818927
8.116024
8.990880
9.138419
9.682497
9.968975
10.363746
10.629652
10.767385
11.503321
11.538089
12.120452
11.821815
11.687273
12.318983
12.083584
12.547218
10.786965
10.033890
9.572775
8.333309
7.061229
6.495578
5.727222
5.612203
5.570012
5.619019
5.815728
5.579373
5.212071
5.089706
4.780053
4.921737
4.808705
4.798004
4.993560
4.900084
5.119666
5.101513
5.050677
5.204114
5.193595
5.229470
5.304223
5.277482
5.466976
5.332657
5.244380
5.222470
5.064736
5.121455
4.912427
5.046222
4.913717
4.805190
4.929097
4.771371
4.990197
5.061287
5.204798
5.886521
6.504497
6.918424
6.878070
7.057351
7.037424
6.912456
7.136128
