17.707469
17.392776
17.719306
17.700666
16.834762
15.947854
14.893905
13.406218
12.781915
11.278893
10.661263
9.896650
8.884248
8.460519
7.876625
7.468307
7.105113
6.567988
6.364448
5.796229
5.995841
5.491927
5.144134
4.903703
4.927465
4.648423
4.188267
3.987055
3.854293
3.707246
3.370518
2.982581
2.688622
2.333222
2.047375
1.921474
1.813850
1.852067
1.814926
1.788194
1.867762
1.783955
1.972106
1.937461
1.943007
1.956889
2.022649
2.159395
2.217509
2.377230
2.325171
2.329663
2.337768
2.328377
2.331780
2.158030
2.007220
1.963739
1.815791
1.692580
1.580652
1.639905
1.988282
2.224679
2.593040
2.812826
3.105349
3.172292
3.054391
3.293178
3.255690
3.332867
3.271254
3.159695
3.302622
3.176821
3.258980
3.415220
3.358828
3.328040
3.132428
3.196250
3.044999
2.795407
2.905927
2.806021
2.794300
2.798850
2.757265
2.891796
2.817546
2.976313
3.002939
3.035147
3.193184
3.162331
3.337470
3.346347
3.366877
3.552409
3.532310
3.767152
3.846844
3.940384
4.094759
4.000485
4.152057
4.108880
4.171910
4.198241
4.126521
4.260124
4.203051
4.179037
4.102858
3.974983
4.127182
4.096686
4.124657
4.138938
4.156930
4.348363
4.347949
4.377742
4.414116
4.382674
4.517121
4.486852
4.488009
4.444655
4.411715
4.539105
4.487646
4.495023
4.427360
4.341798
4.460474
4.382465
4.359380
4.300888
4.205793
4.282169
4.180894
4.070758
3.996513
3.853877
3.911532
3.758284
3.649529
3.596408
3.500148
3.543302
3.416283
3.294797
3.349762
3.211599
3.267207
3.116855
3.121660
3.111788
2.960834
2.962798
2.811746
2.683563
2.657890
2.486735
2.543551
2.498793
2.523406
2.644955
2.631316
2.842190
2.889737
2.959960
3.174321
3.245246
3.501758
3.532630
3.627967
3.760565
3.814839
3.987068
3.910628
4.151219
4.171928
4.485363
