5.133052
5.009717
4.845988
5.185198
5.061712
5.162412
5.036644
5.230839
5.422669
4.914124
4.846260
5.016329
4.759933
4.880258
4.809962
5.096458
5.121912
5.318957
5.183457
5.120332
5.124474
5.337371
5.420517
5.278332
5.091866
4.997299
4.991461
4.994877
4.986548
5.004088
4.875751
5.030430
5.106762
5.051159
4.838040
4.834203
5.041292
4.898696
4.668265
4.532630
4.489822
4.535753
4.417777
4.402808
4.253670
4.075292
4.090854
4.125645
3.885187
3.806986
3.607969
3.696243
3.719642
3.449604
3.351913
3.374460
3.179782
