4.360593
4.147912
3.989270
3.910132
3.818130
3.859887
3.732486
3.811579
3.627342
3.372837
3.468678
3.334535
3.334330
3.137551
3.017834
2.926099
2.633131
2.581999
2.432270
2.186123
1.981427
1.769602
1.710490
1.508595
1.259608
1.144840
0.927325
0.780709
0.674265
0.732696
0.753202
0.730257
0.784517
0.863058
0.817316
0.786919
0.777398
0.851802
0.834245
0.850389
0.919319
0.955305
1.042872
1.093896
1.155213
1.221842
1.287185
1.345673
1.423492
1.463322
1.581075
1.627350
1.849123
1.885873
2.019802
2.068927
2.085084
2.235761
2.288645
2.465330
2.341504
2.350582
2.583887
2.487848
2.527785
2.665014
2.854794
2.974088
3.320223
3.997802
4.348324
5.116799
5.776583
6.649706
7.816696
8.565141
9.237071
9.891386
11.081312
12.199898
12.649148
16.937831
16.014759
16.084385
16.670938
16.843211
17.087921
17.201640
18.743348
19.062187
19.090586
19.758209
20.176390
21.008042
20.215166
20.801491
20.389460
20.339432
20.656820
19.311192
20.026491
18.547240
16.954510
16.767142
15.420629
14.594074
13.110052
11.660036
10.647633
8.476401
6.943032
4.634829
2.478968
1.852565
3.299789
4.417790
6.510022
8.109821
8.661756
