11.964675
12.190576
12.073175
11.965078
12.367494
12.039873
12.364362
12.240921
12.636292
13.283008
13.368223
14.048951
14.305869
14.921676
15.577912
15.779354
16.781943
17.023152
17.369409
17.606638
17.436316
18.252448
18.195471
18.422486
18.508721
18.381698
19.096706
17.708132
16.987302
15.773587
14.461278
13.854410
12.888582
11.709304
11.076906
10.140152
9.816199
9.583262
9.279741
9.042416
8.956015
8.555191
8.192921
7.502530
7.224366
7.495600
7.260689
7.193008
7.075568
6.926232
7.070333
6.990770
6.365004
5.823353
5.386378
5.107257
4.898416
4.593805
4.521870
4.674999
4.589810
4.653611
4.560941
4.557885
4.787706
4.612357
4.777000
4.667686
4.661894
4.824032
4.835452
4.748876
4.867337
4.948090
5.101939
5.127601
5.113200
5.259404
5.347250
5.584083
5.616968
5.498569
5.582355
5.670716
5.508899
5.769704
5.669915
5.736778
5.868263
5.722110
5.873849
5.676769
5.762132
5.812998
5.638770
5.614557
5.809177
5.699158
5.707772
5.481974
5.387564
5.537146
5.423017
5.462492
5.313992
5.286576
5.387935
5.262629
5.313300
5.173685
5.152211
5.290918
5.229656
5.119277
5.079128
5.055605
5.277564
5.173941
5.209155
5.056060
5.018643
5.264339
5.026822
5.156244
4.980755
4.946233
5.125843
4.814331
4.766144
4.678473
4.554892
4.640818
4.419726
4.283461
4.227841
4.135847
4.245141
4.269800
4.309022
4.702812
5.322821
5.716886
6.299569
6.412097
6.664931
7.345149
7.231439
7.595782
7.633221
7.823243
8.286706
8.459919
9.030906
9.937261
10.344393
11.169826
12.277037
13.088792
14.069096
14.687515
14.398185
14.958348
14.709920
