6.006098
7.720904
8.428197
6.233200
5.650249
5.091244
4.694981
4.263279
3.956236
3.620047
3.523512
3.293074
2.914871
2.844538
2.700792
2.593805
2.326614
2.303034
2.294872
2.027428
1.956179
1.793629
1.710002
1.658716
1.480106
1.388330
1.273973
1.193605
1.124794
1.068723
1.007271
0.931080
0.892557
0.797189
0.782934
0.731050
0.691705
0.606214
0.530008
0.472625
0.373633
0.285336
0.216541
0.245291
0.272183
0.272199
0.336776
0.405582
0.457471
0.509789
0.519332
0.616652
0.691597
0.731009
0.817850
0.930402
1.120840
1.182484
1.221934
1.174475
1.051927
1.058436
1.004024
1.251959
1.668090
1.996776
2.486416
2.956857
3.651954
4.189220
4.987473
5.959077
6.622251
7.785071
8.613265
9.470219
16.152989
15.647256
16.328352
16.230382
15.318959
14.636932
13.045945
12.757043
11.756907
10.078865
8.563186
7.309131
6.336687
5.279831
4.955879
4.783330
4.473074
4.819585
4.905896
4.710255
4.769200
4.507330
4.578759
4.656815
5.263434
6.281569
