1.923118
1.895880
1.719292
1.731747
1.705358
1.588086
1.549854
1.499469
1.479830
1.422070
1.327059
1.339310
1.294733
1.229181
1.163009
1.097604
1.090068
1.016722
1.028474
0.979056
0.979886
1.057539
1.060663
1.130913
1.139585
1.175743
1.221618
1.158266
1.191743
1.180515
1.157752
1.113382
1.073695
1.091321
1.028957
0.904148
0.806350
0.651510
0.508603
0.294165
0.058152
0.023795
0.040595
0.006518
0.041524
0.039486
0.000646
0.026544
0.018004
0.000668
0.011897
0.030945
0.102697
0.058262
0.013657
0.072834
0.129208
0.037047
0.028407
0.131595
0.099108
0.019729
0.004864
0.088869
0.050124
0.114958
0.132618
0.173889
0.214161
0.252747
0.289869
0.313367
0.316243
0.345141
0.400492
0.454820
0.463582
0.516821
0.612979
0.669016
0.766502
0.854396
0.964063
1.054614
1.071281
1.214451
1.264524
1.294952
1.367335
1.371239
1.447037
1.474237
1.541374
1.596755
1.624780
1.866307
2.071491
2.350350
2.519884
2.766669
3.225030
3.486346
3.949788
3.980093
4.534104
4.661023
4.757083
5.126143
5.389583
5.940995
6.038240
6.646490
6.958748
7.197184
7.206033
6.783730
6.529206
6.125186
5.568711
5.154640
4.756765
4.435137
4.296477
4.060485
4.058021
3.981426
4.009173
3.858002
3.634153
3.633454
3.520361
3.591782
3.541912
3.375509
3.355464
3.286833
3.234168
3.889054
4.585784
5.147551
5.518300
5.765175
6.003689
6.047775
6.471295
6.759276
7.228705
8.050118
8.941808
12.061092
11.562588
11.600089
10.759005
10.574297
10.565231
9.222390
8.711507
8.110036
7.763262
7.011062
6.289756
5.720057
5.170215
4.749082
4.295282
4.277641
3.969081
3.478669
3.382068
3.205223
3.069851
2.750706
2.721704
2.703228
2.388916
2.308649
2.133861
2.045536
1.977707
1.759289
1.646687
1.544019
1.425668
1.317727
1.252435
1.193562
1.104510
1.048058
0.937241
0.920736
0.857906
0.820458
0.710531
0.619781
0.425464
0.326442
0.247168
0.287315
0.311767
0.303945
0.381952
0.465225
0.522680
0.580019
0.587031
0.702459
0.788251
0.825421
0.917109
1.265871
1.277673
1.294979
1.157511
0.947977
0.890959
0.806954
1.258964
1.920454
2.387286
3.039346
3.709985
4.610849
5.337653
6.379412
7.722703
