3.215447
3.697344
3.998118
4.370477
4.639362
5.260375
5.624957
5.926754
6.578826
7.113082
8.096684
8.729635
8.880024
9.167746
9.548101
9.681271
9.255857
9.512610
9.491920
9.734724
9.734362
9.597385
9.802398
9.654326
9.818706
9.782395
9.322994
8.880105
8.338711
7.559843
7.263817
6.482432
6.177525
5.826127
5.316506
5.139119
4.814847
4.652852
4.500177
4.313571
4.192311
4.152363
3.861910
3.980336
3.685058
3.532607
3.420681
3.428893
3.274763
3.041016
2.953605
2.855087
2.802715
2.637701
2.456592
2.344370
2.205689
2.092949
2.011102
1.917984
1.965733
1.894724
1.871682
1.963652
1.794888
1.846349
1.818847
1.851320
1.785516
1.761934
1.814395
1.783091
1.796325
1.742311
1.758197
1.761749
1.742683
1.752225
1.687613
1.658971
1.701102
1.669935
1.715392
1.715606
1.777854
1.994993
2.036442
2.199491
2.239680
2.359542
2.419206
2.354378
2.476489
2.419198
2.478928
2.480535
2.411386
2.501265
2.421724
2.482871
2.578477
2.552170
2.628566
2.568547
2.686661
2.734729
2.660301
2.806564
2.757983
2.822060
2.878586
2.848943
2.990151
2.907511
3.064773
3.095445
3.127140
3.271397
3.239131
3.403901
3.389525
3.368948
3.491050
3.387371
3.480177
3.387501
3.306555
3.400945
3.268751
3.369705
3.320586
3.296873
3.286225
3.201943
3.308723
3.279949
3.323737
3.427385
3.510551
3.748342
3.787104
3.896106
3.987260
4.023434
4.167879
4.127659
4.169582
4.167651
4.152860
4.237378
4.113132
4.103947
4.113582
4.048934
4.139097
4.052750
4.019450
3.968869
3.915286
4.014109
3.981832
3.967692
3.939854
3.905201
4.016051
3.942907
3.862677
3.810750
3.703525
3.733854
3.665053
3.604131
3.548470
3.429330
3.496269
3.422592
3.302809
3.373166
3.259484
3.287245
3.134877
3.145247
3.117939
2.972076
2.983435
2.819494
2.686620
2.654363
2.472133
2.445865
2.295248
2.287419
2.485104
2.673218
3.259086
3.748474
4.231622
5.003646
5.636647
6.541382
6.820295
7.224463
7.852393
8.320596
8.831900
8.702074
9.357886
9.682755
9.939326
10.434732
10.248770
10.857970
11.042006
