8.709227
8.558792
8.434866
8.637009
8.497754
7.620559
6.794339
6.046600
5.508365
4.867777
4.167385
3.943378
3.988305
3.611870
3.164981
2.968530
3.009200
3.196857
2.869620
2.928962
2.943123
3.056637
3.231194
3.556442
3.890680
4.241758
4.478188
4.871071
5.139030
5.186499
5.528668
5.920142
6.281112
6.346652
6.291214
6.411848
6.547159
6.707797
6.507748
6.547532
6.388853
6.114756
6.116831
6.245310
6.086369
5.902126
5.523040
5.360121
5.512246
5.240150
5.200496
5.221821
5.264336
5.181056
5.036108
5.127486
5.143573
5.220593
5.334456
5.190018
5.127871
5.311642
5.497404
6.056175
5.951051
6.003707
5.905945
5.919649
6.346737
6.067020
6.215794
5.949676
5.997112
6.106485
5.435547
5.135282
