7.110427
6.378318
5.876833
5.724191
5.363593
5.138090
5.280037
5.106931
5.244855
5.153253
5.038339
5.201632
5.059072
5.218157
5.074476
4.939871
5.029729
4.862484
4.833206
4.824215
4.762132
4.862420
4.692159
4.841841
4.727799
4.660326
4.809944
4.770984
4.744259
4.679345
4.625525
4.771754
4.599309
4.772852
4.672193
4.734795
4.727680
4.657635
4.829152
4.737424
4.673633
4.807573
4.666967
4.814967
4.725938
4.529333
4.833614
4.604769
4.778953
4.653025
4.821589
4.795094
4.721327
4.916451
4.804726
4.965274
4.915151
4.815769
4.955476
4.767393
4.887610
4.810169
4.733333
4.910276
4.808134
4.979216
4.940011
4.847906
5.040444
4.926751
5.096123
5.063832
5.051828
5.275149
5.153352
5.345196
5.302682
5.268970
5.428869
5.314145
5.486647
5.417294
5.499513
5.585348
5.551256
5.809639
5.719525
5.702593
5.875727
5.777114
6.062015
5.898966
6.194811
6.182541
6.091421
6.330466
6.155119
6.284974
6.236619
6.097909
6.208255
5.967575
6.042927
5.837879
5.649906
5.817030
5.468213
5.442294
5.269515
5.142393
5.544065
5.837803
6.681624
7.454681
7.893603
8.329616
8.444106
8.985819
9.720648
9.641251
10.287820
10.605607
11.096569
12.210907
12.453641
12.646858
13.133402
14.351852
14.520829
14.311678
13.813725
14.313169
14.109353
13.754427
13.766314
13.151248
12.730542
12.302927
11.423415
10.885790
9.998832
10.174352
10.125688
10.019332
10.371421
10.107013
10.356282
10.233305
10.558498
11.195560
11.310255
11.864950
12.093043
12.635702
13.259003
13.487579
14.370709
14.616099
14.951196
15.168511
14.978172
15.736701
15.694277
15.830066
16.043282
15.802585
16.425583
15.125592
14.405744
13.238694
11.969924
11.294701
10.332514
9.222324
8.527829
7.605501
7.167368
6.892210
6.603285
6.395869
6.219306
5.847166
5.518370
4.997763
4.786421
4.954043
4.812268
4.746803
5.476795
5.916676
5.890137
5.864366
6.170996
6.090112
6.337780
6.148470
