4.932042
5.040508
4.820989
4.971102
4.931304
4.866340
4.843310
4.739618
4.779414
4.683673
4.857467
4.686513
4.825099
4.760505
4.595139
4.932153
4.691903
4.871462
4.763010
4.815945
5.010985
4.888580
5.050186
5.011662
4.957068
5.139212
5.021168
5.181746
5.130122
5.047720
5.230769
5.131038
5.306553
5.257865
5.193213
5.368136
5.220423
5.365716
5.296371
5.194176
5.409660
5.295879
5.449842
5.383989
5.364926
5.511459
5.367454
5.574664
5.523250
5.562394
5.559034
5.440090
5.625514
5.480432
5.417364
5.579802
5.411733
5.635323
5.441892
5.662588
5.594115
5.487182
5.687352
5.514429
5.677921
5.607774
5.475158
5.592045
5.373572
5.452172
5.297066
5.132295
5.269247
5.107660
5.360665
5.515902
5.902102
6.997600
7.801193
9.201736
10.403106
11.069286
11.704706
16.571765
16.797175
17.029093
17.574364
19.065971
19.210967
18.968931
18.299650
18.941342
18.681875
18.223901
18.304466
17.557752
17.060521
16.576607
15.485524
14.894085
13.764585
14.028520
13.919757
13.801559
14.285084
13.870530
14.231256
14.072159
14.520484
15.327472
15.431049
16.128995
16.416595
17.141129
17.916497
18.127672
19.301382
19.593493
19.995209
20.292085
20.034338
20.979488
20.928742
21.180186
21.344195
21.149131
21.961430
20.201019
19.289786
17.751563
16.044522
15.109929
13.740343
12.216116
11.277424
9.959826
9.254592
8.863384
8.474535
8.082098
7.751217
7.198606
6.559160
5.727447
5.365837
5.471133
5.278974
5.134845
5.007624
4.823023
4.865995
4.818233
4.338524
4.114503
4.195021
4.396379
4.950702
5.292009
5.471879
5.796796
6.134961
6.873648
6.861003
6.788369
7.124878
7.116907
7.415538
7.150731
7.005220
7.181089
6.789723
5.460602
5.109308
4.995373
4.831261
4.445779
4.452011
4.407855
4.491728
