5.095697
4.999875
4.971136
5.045182
5.053821
5.114128
5.134279
5.265603
5.398685
5.248775
5.228037
5.051047
4.847921
4.761267
4.515675
4.424919
4.113006
4.277683
4.777753
5.160979
6.279558
7.007703
7.618873
8.458051
8.854783
9.476259
10.361149
11.310934
12.109601
12.749213
12.830994
14.042327
14.691287
15.577639
16.867504
16.501392
16.948960
17.157971
17.695908
17.921278
18.145742
17.882760
18.504859
18.614550
17.217864
16.859933
15.896743
16.091093
16.001337
14.893492
14.220646
12.468837
11.409385
10.477720
9.329205
6.005133
5.553063
5.632282
5.433804
5.554752
5.011383
4.353194
4.049912
