2.485700
2.571952
2.760138
2.795056
2.853399
3.054241
3.015044
3.203716
3.269477
4.496301
4.451846
4.538190
4.612081
4.516445
4.685325
4.626121
4.572153
4.441975
4.241439
4.368454
4.310131
4.287267
4.247222
4.248339
4.469872
4.496065
4.518954
4.577425
4.532681
4.699530
4.727622
4.724833
4.652571
4.644167
4.811658
4.795573
4.827462
4.726216
4.614013
4.759796
4.662429
4.636952
4.549601
4.396761
4.445292
4.330177
4.209987
4.124919
3.953047
4.025745
3.814360
3.676027
3.625524
3.544968
3.573358
3.412423
3.289994
3.336239
3.185514
3.256027
3.107138
3.109648
3.108555
2.955246
2.953204
2.808201
2.682035
2.659683
2.494530
2.601931
2.715938
3.010422
3.480878
3.818190
4.693588
5.377734
5.858115
6.841302
7.503392
16.003153
16.147528
