5.947736
5.913286
5.682114
6.057631
5.977058
5.989252
6.160422
6.051443
6.202257
5.987495
6.018210
5.960462
5.755824
5.747723
5.903598
5.778328
5.735444
5.485652
5.386352
5.536150
5.425302
5.471703
5.312557
5.286094
5.395662
5.268779
5.315769
5.172939
5.155911
5.293212
5.228011
5.119674
5.100141
5.113094
5.427218
5.334648
5.373516
5.236952
5.218401
5.528182
5.286089
5.420686
5.223455
5.222742
5.382548
4.969841
4.859581
4.759047
4.604308
4.646270
4.377593
4.208817
4.094665
3.954077
3.999879
3.968630
3.930439
4.226943
4.777291
5.147099
5.645332
5.695859
5.871118
6.346752
6.268247
6.556510
6.525272
6.614926
6.891729
6.909213
7.255080
7.841912
8.174180
8.767802
9.322848
9.667013
10.277755
10.723775
10.546639
10.916771
10.669858
10.693162
11.081542
10.619575
10.267009
9.341702
8.652867
8.376862
7.452712
7.015117
6.940426
6.651625
6.598782
6.400318
5.938683
5.484326
5.150806
4.949815
4.688662
4.449348
4.265886
4.274714
4.027289
4.151357
3.981924
4.020080
4.403101
4.639208
5.158345
5.617873
6.007593
6.718731
7.121899
7.800883
7.980943
8.181499
8.288183
8.915252
8.967327
9.201148
9.980474
