2.781768
2.672493
2.668311
2.767478
2.706682
2.796000
2.731882
2.631335
2.611573
2.423448
2.385990
2.188054
2.051564
1.953258
1.884368
1.999144
2.070461
2.239026
2.175507
2.133843
2.190095
2.239247
2.334399
2.356492
2.427630
2.535676
2.703437
2.985136
3.081072
3.345618
3.434602
3.730419
3.789408
3.857602
4.205508
4.149298
4.314957
4.290849
4.222385
4.393992
4.128936
4.252172
4.145409
4.228228
4.076327
3.977385
4.023967
3.891604
4.001360
3.914722
3.862697
3.775321
3.652587
3.735883
3.551254
3.613812
3.563070
3.544415
3.713336
3.568701
3.700229
3.750564
3.805443
3.846575
3.890467
4.008079
3.934276
3.971143
4.011640
3.996514
4.158535
4.133342
4.359462
4.259014
4.169977
4.234858
4.095615
4.225585
4.110968
4.064731
3.869287
3.606493
3.594597
3.427652
3.239426
3.245911
3.114845
3.216350
3.233035
3.446926
3.940179
4.292251
4.880024
5.319203
6.364043
7.091600
7.772284
8.324497
9.334216
9.806084
9.987190
10.456821
10.686572
11.369610
11.578718
11.620886
11.804071
12.514621
12.655567
12.310243
12.719766
12.310891
12.268467
10.768943
9.674040
9.027320
7.814189
7.190492
6.148971
5.622560
5.373587
5.241748
5.452724
3.699540
5.480586
5.369966
5.656672
5.665365
6.042616
