7.871268
8.207835
8.160069
8.483314
8.625449
8.765402
9.155158
9.902836
10.230842
10.956229
11.604203
11.977774
12.654734
13.115420
12.835204
13.148651
13.171754
13.653637
13.059909
12.579240
11.324152
10.434566
10.030930
8.823709
8.228904
8.078501
7.732435
7.656979
7.425399
6.852502
6.178715
5.679467
5.448888
5.070224
4.760804
4.525280
4.472660
4.188549
4.335120
4.120428
4.182250
4.614792
4.998162
5.723890
6.416849
6.976873
7.970660
8.687611
9.683752
12.572739
11.757903
11.757153
12.087052
10.493703
9.428408
9.507114
9.425857
9.829632
9.346007
8.962608
8.707984
8.027287
7.923761
6.958718
6.061104
5.709732
4.983465
4.183379
3.308010
2.831464
2.704372
2.620944
2.673151
2.701729
2.791651
2.947376
2.941759
3.050107
2.995721
4.818612
