8.541713
10.899172
11.929630
13.350286
13.914388
14.787524
15.293018
15.150965
15.655444
15.769151
16.509326
15.584568
15.090869
14.802647
13.986471
13.543360
12.181730
11.415155
10.316446
9.240519
8.935532
8.349081
7.887519
7.880202
7.402158
7.107538
6.533645
6.108469
5.975609
5.578244
5.295435
5.415170
5.214018
5.371668
5.286515
5.172905
5.203027
5.387996
5.203189
4.644227
4.839194
4.655833
4.630293
4.641829
4.822050
4.710480
4.571714
4.744844
4.744210
4.652852
4.847574
4.742700
4.901794
4.842522
4.709140
4.815518
4.577048
4.671175
4.579643
4.514187
4.691250
4.590298
4.761727
4.731438
4.626153
4.832007
4.739402
4.926411
4.916462
4.958145
5.188434
5.063324
5.280076
5.251799
5.211322
5.378527
5.281124
5.435365
5.358099
5.463003
5.601995
5.627829
5.943441
5.931367
6.124622
6.118488
6.471674
6.346946
6.784048
6.841296
6.775906
7.067685
6.878778
6.983000
6.982861
6.826478
6.889942
6.591193
6.643348
6.358320
6.116589
6.282958
5.705420
5.476799
5.221180
5.207756
6.117457
7.062921
8.755715
10.368664
11.295208
12.052576
12.325786
13.284123
14.449417
14.428900
15.471944
15.980835
16.753568
18.488546
18.920292
19.226814
19.825727
