7.346122
7.236399
7.482320
7.499118
7.340447
7.270454
7.056658
7.143372
7.108540
6.904737
6.829936
6.686248
6.795362
6.633749
6.374351
6.211764
6.199464
6.320880
6.169998
5.916728
5.671449
5.528418
5.358784
5.244763
5.023111
4.879208
4.795715
4.651211
4.580689
4.416841
4.198933
4.101982
4.010471
3.908368
3.746035
3.450872
3.361066
3.011507
2.820272
2.338511
2.243407
2.156124
1.868793
1.658690
1.542837
1.320059
1.200067
1.067176
1.137152
1.111707
1.052603
1.147596
1.095286
1.066643
1.029470
1.062524
1.077147
1.069660
1.155111
1.167640
1.194856
1.227201
1.255587
1.325078
1.329823
1.633407
2.728642
3.776084
6.588457
7.333721
10.336194
13.651546
14.363950
14.434304
14.454773
14.345009
13.277258
12.093066
10.482424
3.653910
3.418647
3.954509
3.045538
2.243469
1.808179
2.065065
2.740371
3.556329
4.318011
5.300642
5.942215
6.784516
7.219598
8.019488
8.104449
8.010566
8.247302
8.490603
8.861848
8.199665
7.768815
7.540853
7.066252
6.770074
6.055355
5.665589
5.114630
4.680099
4.656626
4.451507
4.382910
4.567845
4.484216
4.717035
4.713711
4.664396
4.834434
4.848846
4.839287
5.048920
4.940196
5.048805
4.946100
4.832507
4.815984
4.770200
4.917610
4.859034
4.839737
4.786095
4.720136
4.875667
4.751154
4.845033
4.738545
4.739862
4.709930
4.754684
4.779417
4.839743
4.802753
4.738065
4.603347
4.702760
4.882115
5.019367
5.162187
5.058133
5.280600
5.182175
5.355975
5.305271
5.245513
5.265151
5.399774
5.206253
5.307307
5.457052
5.369564
5.579139
5.530236
5.565624
5.638481
5.507205
5.456311
5.622365
5.481989
5.728582
5.572392
5.843949
5.829866
5.745765
5.967217
5.817576
5.941788
5.908645
5.763115
5.848473
5.613081
5.683205
5.478937
5.296770
5.450553
5.151782
5.354258
5.569859
6.205698
7.788861
9.077989
11.105346
12.893664
13.890280
14.712035
