4.512673
4.568594
4.398022
4.181414
4.112791
4.085964
3.915829
3.747765
3.710206
3.639931
3.425956
3.274851
3.026234
3.413762
4.018266
4.884430
5.906090
7.107176
8.318767
9.351076
10.033026
11.092018
11.876287
12.699407
13.299908
14.235679
14.017197
13.943281
14.891951
14.469025
14.384148
13.597727
13.818424
14.669793
13.902435
13.693898
14.613272
14.538780
14.768019
13.788465
14.007193
13.854815
13.586503
13.812874
13.670922
13.970453
13.825971
13.931372
13.377822
12.543945
12.034682
11.193243
