3.032066
3.042292
2.726567
2.590416
2.541890
2.197540
2.031455
2.074792
2.007765
2.081245
1.979655
1.952500
2.015978
1.972421
2.096601
2.079863
2.133451
2.253418
2.362535
2.476978
2.672032
2.863416
3.109966
3.148879
3.282604
3.298458
3.360935
3.522597
3.497541
3.592201
3.518739
3.527650
3.698489
3.563779
3.689016
3.572590
3.579353
3.855761
3.796479
3.986032
3.907541
3.974919
4.224602
4.125849
4.118238
4.286161
4.271390
4.363911
4.280886
4.307046
4.510954
4.474386
4.566588
4.413863
4.334104
4.500876
4.383192
4.372933
4.430860
4.348097
4.508063
4.459826
4.539489
4.445839
4.474265
4.668097
4.731644
4.636885
4.638820
4.865457
4.693636
4.863677
4.774049
4.768611
5.043605
4.882944
5.037143
4.860145
4.892061
5.095310
4.857294
4.843106
5.022374
4.912050
4.987220
5.099854
