4.549794
4.740293
4.820932
4.753870
4.612622
4.639834
4.807768
4.582950
4.759169
4.672407
4.796273
4.665663
4.603557
4.807825
4.607875
4.549110
4.632702
4.423400
4.586544
4.424494
4.605559
4.649329
4.524067
4.717176
4.625695
4.781529
4.703364
4.503064
4.544049
4.202582
4.238967
4.110855
4.050226
4.290780
4.145369
4.363893
4.333507
4.558225
4.607326
4.769618
5.010679
4.874919
5.142022
5.142669
5.080901
5.214791
5.377256
5.636554
5.772319
6.176707
6.199216
6.278163
6.476001
6.532568
6.947244
6.858911
7.370239
7.474162
7.436321
7.759787
7.555058
7.637378
7.663095
7.512648
7.574483
7.249468
7.279936
6.953686
6.690836
6.880802
6.126529
5.588147
4.849719
3.871206
3.138849
2.829934
5.223225
5.686251
5.981170
6.760950
7.579804
7.703885
8.452357
8.890101
9.550505
13.664520
13.195719
13.323283
10.397713
10.156441
