2.611276
2.914284
3.192053
3.809395
4.140844
4.430715
4.610197
4.648522
4.706069
4.663005
4.841251
4.948709
5.087203
5.297438
5.581727
5.943459
6.188219
6.374743
6.417617
6.394996
6.574696
6.239322
6.294914
5.892499
5.766865
5.783816
5.203657
5.025260
4.666079
4.468252
4.136423
3.786708
3.530017
3.250575
3.058788
2.824268
2.724072
2.548593
2.302167
2.262096
2.143252
2.072147
1.865264
1.824692
1.827182
1.634991
1.585939
1.445557
1.371530
1.197969
1.197969
1.124773
1.028728
0.821296
0.761694
0.735885
0.662472
0.649710
0.602489
0.574198
0.507182
0.443108
0.396370
0.317941
0.245653
0.185059
0.199906
0.230103
0.240484
0.292221
0.346750
0.392033
0.442273
0.456402
0.537792
