6.025951
5.809992
5.803474
5.957830
5.827290
5.761086
5.491279
5.382395
5.532646
5.398008
5.430838
5.299713
5.283082
5.366260
5.234860
5.288717
5.168781
5.165133
5.299160
5.222502
5.120889
5.130441
5.169102
5.521943
5.427835
5.466650
5.330820
5.320371
5.644308
5.402425
5.534149
5.332328
5.339669
5.491570
5.045498
4.906206
4.802202
4.633730
4.649333
4.352415
4.160985
3.991168
3.802027
3.799002
3.733511
3.659770
3.925944
4.466472
4.858531
5.376481
5.450723
5.651239
6.130155
6.072049
6.378948
6.352241
6.446712
7.091217
8.580086
10.031209
10.235126
10.570894
10.354540
10.382386
10.797365
10.390928
10.000503
9.106559
8.416862
8.153693
6.824415
6.732581
6.456952
6.401666
6.209242
5.780471
5.366146
5.044855
4.874631
4.596233
4.371586
4.210011
4.224826
3.981586
4.101345
3.936232
3.970984
4.335306
4.533835
5.009651
5.409403
5.750569
6.413906
6.762607
7.384289
7.533308
7.687452
7.801340
8.360735
8.378956
8.554625
8.980011
8.988774
9.336489
