3.255612
3.322165
3.775026
3.892263
4.175656
4.123565
4.215894
4.663996
4.692793
4.612278
4.774148
4.795746
4.903171
4.830713
4.908879
5.241541
5.258256
5.461653
5.272899
5.173389
5.336427
5.127010
5.002488
4.936106
4.712276
4.839560
4.744183
4.790341
4.670132
4.714706
4.918248
4.893284
4.809929
4.823480
5.013968
4.886938
5.079332
4.961166
4.830045
5.156731
5.022391
5.134955
4.997090
5.161162
5.345428
4.901150
4.845482
5.017853
4.798187
4.949172
4.854210
5.097377
5.111526
5.286018
5.166546
5.106144
5.107337
5.316479
5.388717
5.269588
5.109059
5.046958
5.048805
5.070356
5.053853
5.057486
4.947434
5.105684
5.167897
5.105222
4.916113
4.907289
5.103189
4.969583
4.750682
4.608590
4.552954
4.602889
4.491153
4.457567
4.300471
4.143222
4.163869
4.168304
