7.040653
7.052188
7.154252
7.486288
7.345973
7.404395
7.356476
7.432837
7.743554
7.530740
7.790954
7.615763
7.516527
7.854941
7.601681
7.986699
7.504713
7.759460
7.256828
7.670983
7.721195
7.675169
7.938441
7.679185
7.914856
7.743333
7.767032
7.948080
7.817398
8.239300
7.718979
7.748707
7.988541
7.742622
8.191162
7.946891
7.730220
7.964012
7.502470
7.730670
7.493255
7.416627
7.622327
7.488396
7.838351
7.646082
7.635792
7.518597
7.385686
7.655692
7.681339
7.563095
7.240321
7.277526
7.235686
6.362790
6.367738
6.216291
