0.019150
0.011165
0.021208
0.023713
0.026559
0.021877
0.039673
0.013174
0.010965
0.022093
0.027926
0.032719
0.029641
0.024707
0.012880
0.028213
0.003883
0.026980
0.020397
0.009577
0.006648
0.024109
0.025313
0.009627
0.004381
0.009598
0.009034
0.012643
0.009113
0.011885
0.011783
0.015924
0.009370
0.011905
0.018786
0.013487
0.007638
0.007367
0.018539
0.019666
0.014573
0.011459
0.005785
0.015719
0.001845
0.015813
0.017094
0.014160
0.013522
0.017003
0.004627
0.016124
0.013736
0.013640
0.001619
0.015032
0.018223
0.008898
0.015007
0.002268
0.013043
0.063046
0.130804
0.088598
0.013425
0.044362
0.046120
0.011861
0.034644
0.047061
0.064021
0.057820
0.083400
0.124990
0.174094
0.206252
0.216130
0.223935
0.236920
0.241356
0.230412
0.212229
0.214561
0.227170
0.237173
0.236270
0.205477
0.218366
0.294787
0.359820
0.447194
0.554151
0.717788
0.853485
0.915745
1.059977
1.157381
1.200141
1.353808
1.428491
1.438173
1.303461
1.194105
1.120459
1.052525
0.940799
0.880580
0.903774
0.839130
0.830138
0.825238
0.840852
0.862338
0.834487
0.840343
0.818876
0.771016
0.807221
0.814445
0.802660
0.748882
0.783809
0.832947
0.723135
0.664417
0.616986
0.569439
0.533718
0.494274
0.515837
0.553101
0.597110
0.697122
0.756000
0.848883
0.867030
0.911529
1.044541
1.088218
1.245551
1.374988
1.484478
1.661944
1.786100
1.976917
2.055672
2.165477
2.397026
2.464773
2.685538
2.717351
2.754877
2.916533
2.824662
2.945693
2.893316
2.917054
3.045188
2.994053
3.194922
3.144809
3.063033
3.241867
3.161224
3.151647
2.919392
2.930738
2.940305
2.752462
2.712088
2.678098
2.616903
2.481287
2.293102
2.346996
2.288692
2.168406
2.021019
1.904232
1.910745
1.795552
1.816642
1.730178
1.739189
1.885222
1.876720
1.982629
1.978184
2.058427
2.150211
2.030588
2.090682
2.093148
2.045236
1.958054
1.892915
1.924007
1.808460
1.404879
1.154289
0.905167
0.513158
0.089357
0.058745
0.100368
0.016142
0.102809
0.097610
0.001598
0.065792
0.044554
0.001643
0.029387
0.076480
0.254360
0.144226
0.033779
0.179549
0.318866
0.091494
0.070260
0.325797
0.246442
0.048986
0.012087
0.219812
0.153278
0.117215
0.244333
0.436733
0.440419
0.467308
0.733659
0.899682
0.908427
1.019271
1.241691
1.436618
1.474364
1.645450
1.949074
2.126815
2.445780
2.711739
