4.751495
4.577548
4.645630
4.346251
4.392020
4.274776
4.373029
4.590591
4.519663
4.723330
4.741354
4.848563
5.082948
4.950012
5.196721
5.186524
5.133201
5.312188
5.238939
5.364417
5.271200
5.413549
5.621963
5.706490
6.067127
6.063096
6.112265
6.295576
6.300903
6.677042
6.560205
7.009302
7.068164
7.021537
7.313796
7.124906
7.233578
7.219324
7.083912
7.165140
6.861054
6.904937
6.616873
6.373104
6.554253
5.943504
5.549778
4.940987
4.079152
3.272101
2.481168
2.231382
2.465669
2.830787
3.090986
3.278770
3.838758
4.430809
4.568414
5.155426
7.532803
8.012808
8.824873
9.069741
9.092995
8.775205
9.079528
8.802949
8.602924
8.616487
8.203198
7.884839
7.521721
6.825704
6.479822
5.878899
6.025625
5.992251
5.909199
6.070866
5.896360
6.074463
6.066455
6.272825
6.586750
6.691808
7.022818
7.171579
7.523511
7.853319
7.974344
8.487103
8.537381
8.765473
8.903524
8.821893
9.279010
9.193305
9.267273
9.365921
9.319868
9.719742
9.091871
8.807125
8.244965
7.692489
7.496602
7.160912
6.660922
6.557049
6.273924
6.272230
6.227420
6.085344
6.043443
6.191614
6.050858
6.007256
5.731130
5.653089
5.792774
5.740655
5.171461
5.018449
4.902064
4.619108
4.550934
4.703192
4.592650
4.572936
4.434222
4.429507
4.657220
4.444875
4.578587
4.473134
4.480513
4.645003
4.713385
4.683342
4.823274
4.918018
5.089285
5.128140
5.116686
5.271460
5.369005
5.610545
5.647142
5.532943
5.621282
5.704244
5.538095
5.813124
5.721492
5.786176
5.920685
5.782208
5.938027
5.751542
5.833882
5.860209
5.675661
5.655293
5.847502
5.733179
5.719780
5.483863
5.386491
5.536149
5.421481
5.466735
5.312716
5.285879
5.387791
5.264104
5.314838
5.172720
5.155985
5.293033
5.228544
5.119663
5.100564
5.111677
5.406077
5.301404
5.344413
5.209579
5.194359
5.496066
5.260187
5.399234
5.200871
5.203029
5.349987
4.920148
4.814113
4.722206
4.573759
4.641476
4.428801
4.322977
4.429187
4.625876
5.092411
5.475168
6.118529
7.449778
9.173380
10.315858
11.655306
11.977829
12.599754
13.875612
13.793049
14.509698
14.591412
14.941410
15.822460
16.112769
17.188136
18.902894
19.701763
21.248285
23.167404
24.585676
26.366384
27.462594
26.958236
27.921431
27.254550
27.183808
