9.904486
9.967374
9.751675
9.536057
8.890835
7.982634
7.384656
6.580582
6.063289
5.419142
4.900112
4.894673
5.013913
5.389211
5.549589
5.810957
6.218530
6.392853
6.926931
7.119974
7.369586
7.971053
8.248483
9.084342
9.544537
9.673211
9.855084
10.103960
10.180330
9.741213
9.934963
9.827833
10.013943
9.946267
9.730282
9.849857
9.732613
9.942263
9.928461
9.497385
9.119666
8.736464
8.086824
7.928050
7.219002
6.957755
6.666158
6.190081
5.993464
5.645023
5.515121
5.332306
5.077991
4.951116
4.958834
4.628177
4.776408
4.443563
4.273016
4.131290
4.135618
3.954711
3.681858
3.588333
3.472057
3.405752
3.196695
2.959869
2.806365
2.599306
2.401312
2.268872
2.138635
2.129171
1.983585
1.966686
2.077341
1.805385
1.743657
1.721910
1.774500
1.650119
1.563962
1.561850
1.473086
1.389811
1.335844
1.359314
1.363078
1.336076
1.346399
1.354457
1.403321
1.503009
1.553408
1.736707
1.887661
2.067020
2.450588
2.586076
2.844964
2.978420
