0.022833
0.018060
0.018013
0.021498
0.019160
0.018377
0.020348
0.019126
0.017581
0.018942
0.018288
0.018394
0.018936
0.017734
0.022340
0.022044
0.014085
0.019012
0.029165
0.022013
0.025770
0.014497
0.018005
0.016935
0.016439
0.015799
0.016911
0.014744
0.020504
0.014888
0.015407
0.016543
0.014157
0.014581
0.014085
0.013048
0.014022
0.013723
0.013751
0.013382
0.012980
0.013421
0.013249
0.014698
0.013590
0.013086
0.013579
0.012982
0.013475
0.013591
0.012589
0.013595
0.012714
0.014988
0.014394
0.013314
0.011809
0.017993
0.012064
0.017308
0.016576
0.014546
0.010845
0.011336
0.012036
0.009638
0.010694
0.018039
0.011070
0.007530
0.009157
0.012494
0.019273
0.012838
0.016157
0.013103
0.027663
0.007629
0.006506
0.016139
0.021541
0.021220
0.017902
0.018519
0.009898
0.017128
0.009863
0.005014
0.019431
0.017186
0.013566
0.006296
0.016858
0.022829
0.010909
0.003746
0.010609
0.016514
0.014351
0.011442
0.011833
0.017173
0.011495
0.010870
0.013854
0.012537
0.008028
0.014052
0.014584
0.002951
0.010376
0.013648
0.008996
0.003775
0.013460
0.017305
0.011439
0.008417
0.011440
0.016757
0.015668
0.009303
0.015207
0.013923
0.008787
0.009566
0.013838
0.008251
0.008972
0.018871
0.011636
0.007262
0.017194
0.003334
0.014007
0.008696
0.002857
0.019431
0.016881
0.002892
0.007730
0.016683
0.016796
0.012086
0.014930
0.016308
0.016639
0.015981
0.017550
0.016076
0.018378
0.011695
0.016476
0.011847
0.006974
0.005984
0.017441
0.004175
0.015486
0.016560
0.014262
0.018825
0.017078
0.016837
0.017915
0.002640
0.019119
0.008273
0.009332
0.018887
0.002088
0.009008
0.014643
0.020003
0.013287
0.012592
0.020266
0.013407
0.002658
0.020419
0.018928
0.014806
0.018905
0.019885
0.005429
0.003454
0.016375
0.008746
0.016222
0.041297
0.080896
0.056623
0.018718
0.035568
0.037635
0.027424
0.043337
0.063788
0.079603
0.104948
0.124016
0.151881
0.196061
0.223062
0.263981
0.288290
0.302209
0.320376
0.311296
0.322754
0.308763
0.297416
0.301336
0.281571
0.275355
0.267969
0.263811
0.269246
0.255961
0.247208
0.245481
0.271650
0.305051
0.315200
0.350310
0.395994
0.466556
0.538392
0.566955
0.642321
0.715005
0.797479
0.825663
0.828878
0.762334
0.701639
0.694185
0.642156
0.604295
0.543809
0.511876
0.517267
0.477672
0.473744
0.474166
0.480305
0.488924
0.473500
0.481252
0.473588
0.439743
0.457175
0.460591
0.457551
0.429505
0.446189
0.472795
0.411490
0.380558
0.352062
0.327284
0.304796
0.277297
0.290178
0.314641
0.343719
0.395420
0.422198
0.472766
0.488684
0.518856
0.589805
0.609148
0.693755
0.768644
0.833702
0.935919
1.000396
1.108315
1.153274
1.217853
1.348757
1.379505
1.496033
1.512742
1.537188
1.630836
1.585063
1.632865
1.595852
1.610677
1.693052
1.669120
1.766074
1.734019
1.711071
1.623145
1.630695
