0.307286
0.305508
0.315329
0.323693
0.311840
0.313141
0.301616
0.283107
0.302906
0.308637
0.297509
0.273094
0.293096
0.315292
0.266616
0.240284
0.225914
0.208214
0.194402
0.183022
0.191935
0.203841
0.216574
0.257854
0.285378
0.320997
0.323727
0.337503
0.393141
0.413608
0.477264
0.528363
0.566603
0.632063
0.686715
0.760108
0.788426
0.833113
0.927060
0.957888
1.048043
1.055339
1.075245
1.136071
1.091469
1.149960
1.128283
1.130522
1.173396
1.145037
1.232144
1.211917
1.179200
1.262505
1.230826
1.223859
1.113222
1.132645
1.148557
1.063000
1.031343
1.034842
1.020855
0.954528
0.868487
0.899169
0.888325
0.834827
0.766634
0.721849
0.732383
0.693523
0.700625
0.661419
0.672041
0.760026
0.760076
0.803111
0.841538
0.688613
