4.572152
6.311280
6.684878
7.233107
7.373713
8.043112
8.036640
8.032011
8.289533
8.559790
8.923685
8.454209
8.470591
8.787614
8.898407
8.991709
9.072826
9.905877
10.119770
10.124922
10.577337
10.727858
11.217010
10.744675
11.128132
10.929913
10.869463
11.032539
10.242461
10.582262
9.708002
8.782310
8.582055
7.831978
7.256307
6.403124
5.519136
4.868261
3.601632
2.691646
1.572160
1.325794
2.543304
3.700876
4.438556
5.784867
6.772206
7.172190
6.991220
7.990151
7.841359
6.765991
6.314389
6.817957
6.707839
7.154686
7.362988
7.435599
7.620523
7.517841
7.857284
7.602263
7.989335
7.796327
7.509985
7.762417
7.280526
7.681049
7.723424
7.675999
