7.709343
7.737217
7.667884
7.856881
7.733333
7.877774
7.828437
7.406473
7.002626
6.496098
5.800596
5.497809
4.822414
4.534186
4.205042
3.793017
3.610765
3.364107
3.206914
3.070808
2.948245
2.857413
2.820113
2.604481
2.683860
2.474407
2.359875
2.287615
2.297832
2.198619
2.040303
1.984201
1.918865
1.889153
1.803151
1.719106
1.690855
1.679175
1.710723
1.699522
1.660997
1.782921
1.799395
1.769078
1.841065
1.784239
1.944928
1.913878
1.925693
1.909108
1.933492
2.027244
2.040121
2.061908
2.057862
2.067342
1.954260
1.774009
1.695683
1.545579
1.471182
1.329900
1.428302
1.592775
1.950882
2.462133
2.648302
2.864867
2.897719
3.277329
3.315136
3.365806
3.574761
3.562615
3.789542
3.842917
3.891228
4.034957
3.914254
