0.021545
0.018165
0.019054
0.020222
0.020270
0.017743
0.019475
0.022190
0.018075
0.018704
0.019612
0.017461
0.019113
0.023336
0.027147
0.024320
0.015253
0.022560
0.039171
0.021555
0.028334
0.015113
0.018471
0.017091
0.016425
0.015332
0.018339
0.015906
0.022562
0.015685
0.018336
0.016725
0.014052
0.015729
0.014282
0.013013
0.013807
0.014725
0.013751
0.013303
0.013017
0.014650
0.013273
0.014669
0.013590
0.013243
0.013598
0.013226
0.013514
0.013407
0.012685
0.013595
0.014529
0.015216
0.014643
0.014869
0.014630
0.019873
0.011978
0.026788
0.018800
0.014625
0.011920
0.011387
0.012021
0.016517
0.010415
0.020494
0.019121
0.010933
0.013431
0.013509
0.029601
0.018188
0.026620
0.027735
0.030885
0.014405
0.011966
0.018871
0.022770
0.038863
0.028370
0.021275
0.020545
0.023616
0.012019
0.009299
0.023744
0.017749
0.020756
0.009718
0.020475
0.023829
0.011035
0.003497
0.010909
0.016859
0.014416
0.012859
0.011839
0.017793
0.012030
0.011498
0.013886
0.012331
0.009780
0.013483
0.019151
0.005758
0.012824
0.016141
0.009008
0.004219
0.013924
0.017395
0.011947
0.008660
0.013359
0.016965
0.015775
0.009311
0.016280
0.017153
0.008988
0.013105
0.014575
0.011759
0.010093
0.019730
0.012807
0.007576
0.017384
0.005347
0.014096
0.008853
0.002984
0.019996
0.016869
0.005962
0.008012
0.016828
0.016796
0.012828
0.015008
0.016389
0.016685
0.015938
0.017553
0.016411
0.018648
0.011971
0.017158
0.012054
0.007243
0.006052
0.017407
0.004302
0.015709
0.016616
0.014210
0.019259
0.017066
0.016859
0.018060
0.002742
0.019891
0.008365
0.009274
0.019127
0.003519
0.008975
0.014551
0.020166
0.013339
0.012537
0.020649
0.013488
0.002877
0.020682
0.018845
0.014829
0.018950
0.019856
0.012493
0.004120
0.016339
0.012026
0.016723
0.056538
0.123404
0.080092
0.019822
0.038987
0.040283
0.044076
0.051919
0.075739
0.134211
0.175255
0.189573
0.248093
0.331371
0.373332
0.454346
0.508205
0.529302
0.555825
0.552650
0.588106
0.555311
0.538146
0.542045
0.512035
0.494423
0.482687
0.482318
0.494122
0.475419
0.447255
0.454229
0.526144
0.600947
0.624552
0.697449
0.804603
0.955038
1.102705
1.163336
1.316721
1.408744
1.450449
1.610505
1.665166
1.677193
1.536291
1.409657
1.292960
1.216258
1.095643
1.019089
1.032400
0.952809
0.942598
0.942752
0.944480
0.900168
0.812137
