3.273029
3.401965
3.439730
3.739145
4.081336
4.878630
5.943283
6.686392
7.820981
8.682503
10.324029
11.341480
12.388229
13.119769
14.558884
15.153146
15.346848
16.009016
16.225279
17.055043
17.202866
17.193531
17.563139
18.535914
18.632329
18.259426
19.023928
18.469998
18.791429
17.170074
16.152865
15.834410
14.531395
14.224226
13.038943
12.695290
12.647750
12.503549
13.035816
12.514556
11.629236
10.573243
9.443252
8.266521
7.214238
6.753614
5.994406
5.534892
4.872328
4.538129
4.541441
4.513060
4.723501
5.044041
5.000555
4.909554
5.167059
5.315348
5.366250
5.158544
5.249845
5.258165
5.340651
5.280223
5.444795
5.661872
5.484575
5.344976
5.512011
5.694484
5.737889
