5.098522
5.800044
6.196980
6.545374
7.270486
7.900995
8.978498
9.678700
9.848225
10.155895
10.592603
10.752222
10.266082
10.565623
10.580588
10.808892
10.802923
10.659874
10.894997
10.726348
10.920467
10.904176
10.364350
9.867495
9.247716
8.356406
8.011122
7.126516
6.782026
6.387264
5.806640
5.590932
5.228280
5.020697
4.832099
4.641159
4.514984
4.453875
4.117445
4.241252
3.922657
3.731146
3.600636
3.612735
3.445413
3.179546
3.073703
2.964374
2.899172
2.714265
2.516280
2.377449
2.216053
2.086439
2.002258
1.907863
1.954264
1.887032
1.863571
1.955442
1.793902
1.858282
1.830559
1.860838
1.801794
1.788054
1.850662
1.831153
1.860708
1.806072
1.822379
1.826072
1.806973
1.816212
1.737577
1.696051
1.729193
1.686449
1.712840
1.699770
1.757468
1.976509
2.032893
2.213856
2.262272
2.405075
2.464828
2.397653
2.527676
2.477334
2.543505
2.534847
2.460959
2.558031
2.478150
2.541988
2.646425
2.620210
2.689156
2.619314
2.735407
2.770525
2.682014
2.827959
2.779014
2.837765
2.889213
2.858524
2.999600
2.913165
3.071183
3.102803
3.133974
3.277252
3.247087
3.412281
3.395108
3.369196
3.484065
3.371935
3.453327
3.349810
3.263613
3.358978
3.233358
3.340149
3.299718
3.291913
3.290642
3.219403
3.329462
3.298368
3.342467
3.439695
3.517483
3.751315
3.787642
3.894918
3.985730
4.021477
4.163398
4.119328
4.160733
4.155043
4.139312
4.218415
4.084724
4.074119
4.087603
4.019213
4.102831
4.008771
3.969924
3.921648
3.871165
3.964298
3.936646
3.919976
3.899816
3.875560
3.995670
3.924671
3.847367
3.797588
3.695247
3.725005
3.661234
3.602373
3.546790
3.427288
3.495521
3.422749
3.302874
3.373066
3.259201
3.287342
3.134988
3.145273
3.117982
2.971923
2.983131
2.819371
2.686604
2.654389
2.472203
2.444289
2.279155
2.229673
2.363267
2.471814
2.937554
3.332194
3.729514
4.395301
4.946218
5.743993
5.980380
6.306750
6.894509
7.316408
7.779716
7.663597
8.233683
8.551539
8.807408
