5.105422
5.015592
4.784360
4.720205
4.779163
4.965201
4.818728
4.405909
4.214240
4.180772
3.908151
3.978444
4.366104
4.473420
4.825702
8.508619
10.101925
10.960584
11.728784
12.813876
13.283149
13.957330
14.966281
16.140759
17.048703
17.837169
17.832789
19.397353
20.157963
21.040621
22.553459
22.018276
22.520318
22.677793
23.654865
23.830843
23.925376
23.664122
24.513300
24.543791
22.769295
22.106682
18.143428
15.493508
12.271830
10.546976
9.127696
7.933476
7.135515
6.465357
5.844058
5.369301
5.446646
5.369380
4.905283
