13.329707
11.360580
10.163477
8.367015
7.328735
6.801941
6.287941
6.119629
6.002313
5.306785
4.440210
3.759715
3.405273
3.099767
2.900978
2.779522
2.803110
2.650521
2.708864
2.601797
2.622414
2.813596
3.037839
3.681237
4.382651
5.051855
5.996071
6.808642
7.874989
8.254329
8.574516
8.813865
9.584474
9.645648
9.901447
10.583146
10.594226
10.770944
10.099668
9.978584
10.160298
9.024610
8.368246
8.563183
8.450344
8.843888
8.468871
8.254360
8.219454
7.740703
7.817158
7.227314
6.776058
6.618864
6.159233
5.659861
5.136718
4.823194
4.748260
4.277278
4.140062
3.997493
3.967766
3.666409
3.710343
3.757342
3.540900
3.612458
3.745584
3.825157
3.730452
3.709798
3.797213
3.699720
3.521310
3.696471
