15.402630
15.060195
14.745423
14.842712
14.339976
13.927138
13.474303
12.680124
12.207950
11.456825
11.748536
11.598053
11.527956
11.776924
11.390143
11.849995
11.734372
11.987665
12.374393
12.412868
13.003867
13.082601
13.534381
14.064362
14.142696
14.939552
15.003361
15.211631
15.431048
15.370968
16.166621
16.063347
16.372531
16.298225
13.669505
13.400775
12.804363
11.920383
11.583535
10.937036
10.926711
10.770927
10.460469
10.283731
10.325256
9.925483
8.988059
8.695901
8.997513
8.694874
8.621751
8.527791
8.380567
8.580677
5.989717
5.486206
4.870391
4.215266
4.018691
4.077469
