14.044087
13.745411
13.124384
12.207929
11.861094
11.178438
11.056266
10.569685
10.400873
10.398631
9.946833
9.648484
8.954241
8.663726
8.980501
8.688521
8.610121
8.491089
8.354861
8.530915
8.380491
7.524923
6.727445
6.011608
5.494700
4.868832
4.181556
3.964242
4.003273
3.615105
3.136737
2.928502
2.985072
3.150719
2.841493
2.896754
2.898055
3.007748
3.177247
3.507822
3.852919
4.205307
4.447656
4.855872
5.139800
5.191242
5.546338
5.964573
6.351030
6.425234
6.390515
6.517271
6.447395
6.163395
6.623416
6.552224
6.544698
6.723158
6.600975
6.753258
6.529926
6.542811
6.374384
6.097100
5.898393
5.521068
