1.170042
1.192191
1.172961
1.170481
1.205661
1.195647
1.239109
1.231251
1.277044
1.437819
1.489792
1.381350
1.374105
1.488225
1.515760
1.356985
1.389330
1.336258
1.319037
1.424100
1.479604
1.691470
2.141917
2.661186
3.178243
3.723231
4.437419
5.404140
6.291685
6.898475
7.791225
8.588609
9.299893
10.153430
10.375634
11.679949
11.633614
12.021224
12.669130
13.026105
13.262192
13.053973
13.635704
13.496985
13.563920
12.744274
12.151741
12.257303
11.934737
11.790018
11.174510
10.846466
11.089987
10.290182
10.170860
9.566710
9.324094
9.327023
8.786860
8.885450
8.392024
8.096604
7.731725
7.489442
7.476309
7.115279
7.105470
6.762319
6.633795
6.615687
6.457948
6.218109
5.552224
5.110265
5.335924
5.477587
5.359921
5.250075
