5.460209
5.403559
5.551988
5.544961
5.647020
5.373066
5.300075
5.530293
5.418653
5.439641
5.192227
5.113257
5.265707
5.253428
5.114266
4.960771
4.864987
5.020330
4.929890
4.960800
4.805196
4.764757
5.004005
4.782926
4.894923
4.735366
4.704519
4.886184
4.621412
4.641642
4.561204
4.468949
4.631751
4.497185
4.438461
4.600309
4.727360
5.041948
5.199253
5.423801
6.083934
6.966600
8.181939
8.183510
8.398642
9.035160
8.870706
9.196900
9.601354
9.589475
9.933547
10.701934
11.070901
11.764342
12.489063
12.978874
13.662540
14.219782
13.898217
13.878551
14.071868
14.199770
14.126086
13.495513
12.991368
11.818640
10.835791
10.382921
9.094112
8.447798
4.410928
