4.817327
4.704580
4.769118
4.682005
4.565245
4.390710
4.285653
4.320942
4.254161
4.035605
3.982203
3.844618
3.876739
3.810536
3.586047
3.510740
3.492806
3.291291
3.426401
3.709692
4.577409
5.377535
6.381213
7.440597
8.698857
9.915986
10.974740
11.599215
12.614612
13.383177
14.235661
14.762250
15.708268
15.439980
15.348295
16.368883
15.890301
15.841594
15.058345
15.221396
16.202844
16.154700
16.455862
15.400327
15.658282
15.604241
15.309548
15.659293
15.522918
15.654528
15.020392
14.047399
13.413219
12.399503
11.791965
10.912701
10.187893
10.211501
10.433875
10.969384
11.062941
11.515057
12.347047
12.591188
13.427964
13.581091
