3.219653
3.208520
3.081733
3.125484
3.134004
3.403209
3.465656
3.570795
3.979096
3.963931
4.118801
4.102058
4.025635
4.164808
3.825586
3.942663
3.871030
3.961761
3.825466
3.731817
3.782403
3.691095
3.829369
3.770126
3.700973
3.606739
3.506050
3.589385
3.412837
3.459790
3.451563
3.499638
3.720963
3.606514
3.783124
3.916983
4.034956
4.139275
4.232681
4.356848
4.273782
4.308320
4.352926
4.332849
4.512660
4.494691
4.746515
4.631637
4.552280
4.625820
4.470065
4.603636
4.470994
4.414193
4.183686
3.845981
3.770117
3.510395
3.179606
3.049328
2.738789
2.648839
2.354825
1.993170
1.859426
1.772427
1.897660
2.044520
2.589950
3.062560
3.491631
3.881544
4.523505
4.855204
5.034318
5.368896
5.555252
5.971644
6.134540
6.209982
6.342390
6.754302
6.745982
6.460326
6.586489
6.288995
6.156611
5.327889
