4.846050
4.749874
4.680258
4.888608
4.809686
4.848132
4.748954
4.753129
4.868393
4.729279
4.736159
4.735492
4.613419
4.741167
4.613276
4.784460
4.682212
4.780406
4.703996
4.847380
4.848939
4.782254
4.898276
4.702686
4.833541
4.790019
4.652535
5.018087
4.766838
4.949948
4.854699
5.013275
4.922922
4.893196
5.088692
4.958438
5.121925
5.094396
5.079616
5.300927
5.245997
5.437650
5.406390
5.316925
5.505056
5.407565
5.585410
5.527908
5.484940
5.642696
5.473334
5.594303
5.490288
5.314993
5.523431
5.416128
5.538962
5.453208
5.444582
5.581258
5.412036
5.645368
5.609831
5.613815
5.537462
5.347120
