9.294286
11.003752
11.565327
12.025149
12.526673
13.842366
13.999628
14.430493
15.590791
15.653646
15.782292
14.724663
14.478266
14.619670
12.649981
11.319281
11.454226
11.323310
11.834818
11.241046
10.751401
10.426319
9.593685
9.491088
8.540029
7.708932
7.257961
6.437680
5.600985
4.740177
4.242432
4.080808
3.885154
3.850048
3.649233
3.599815
3.738757
3.693170
3.769659
3.696223
3.692802
3.874162
3.715851
3.805505
3.685728
3.651155
3.868123
3.790431
3.979645
3.903591
3.972362
4.228078
4.141124
4.127938
4.297708
4.285020
4.377993
4.295088
4.325335
4.543141
4.510425
4.615791
4.460021
4.379257
4.543520
4.424669
4.405768
4.457313
4.364971
4.523289
4.473881
4.555235
4.459403
4.486744
4.680225
4.740064
4.647168
4.651053
4.875277
4.703177
4.871465
4.779997
4.771169
5.047889
4.887597
5.040747
4.864263
4.894067
5.095861
4.858093
4.843134
5.022332
4.905069
5.145689
4.976543
5.099774
5.085283
5.201582
5.115673
5.062177
5.057121
5.251819
5.293361
5.242345
5.165493
5.209009
5.245968
5.332239
5.282975
5.236975
5.197519
5.373219
5.379890
5.305987
5.216539
5.188290
5.330618
5.239109
5.043896
4.862712
4.746884
4.814891
4.730151
4.601265
4.424369
4.331303
4.368774
4.286886
4.073580
4.024483
3.895840
3.918192
3.833896
3.620155
3.554476
3.527256
3.317225
3.387670
3.424201
3.754278
4.072134
4.556247
5.127188
5.879897
6.619436
7.245443
7.609244
10.290370
10.260842
10.952871
10.627870
10.456027
9.840080
10.137974
10.877490
10.188122
9.878127
10.547557
10.569736
10.634893
9.760460
9.875929
9.666910
9.279336
9.297749
9.175415
9.268341
9.037320
8.924373
8.296451
7.333470
6.613055
5.685982
5.074915
4.423578
3.873383
3.890712
4.048048
4.472082
4.744639
5.224600
5.900597
6.317416
7.076198
7.433548
7.796368
8.682088
9.460090
10.852393
11.847956
