0.861107
0.816182
0.787077
0.778514
0.852434
0.834544
0.844271
0.913211
0.956797
1.059399
1.254790
1.624321
1.854447
1.887847
2.085230
2.232275
2.279770
2.446340
2.337289
2.348704
2.574794
2.486440
2.527078
2.641208
2.788500
2.892443
3.170686
3.722092
3.942858
4.508741
4.928155
5.552269
6.369824
6.866638
7.408955
7.840042
8.626423
9.340531
9.639741
10.377023
10.563594
11.483212
11.493121
11.558086
11.871565
12.099572
12.575086
11.946026
12.013918
12.328498
12.388179
12.593265
12.713405
13.768339
13.996751
14.083413
14.366844
14.462359
14.970891
14.403026
14.826778
14.572369
14.520072
14.869018
14.059519
14.687271
13.884298
13.106689
13.264518
12.490902
12.328475
11.439448
10.653649
10.254568
9.066802
8.498020
7.245593
6.137402
5.303616
4.692374
4.483448
4.421175
4.546466
4.779713
4.766026
4.787484
5.084016
4.984403
5.095371
5.203187
5.236022
5.525195
5.455060
5.456995
5.472089
5.532331
5.831459
5.842216
6.182349
6.162923
6.173780
6.376664
6.375084
6.641941
6.603059
6.883354
6.868314
