6.430318
5.500741
5.275093
4.718200
4.464454
4.570867
4.452299
4.575488
4.327088
4.171722
3.988858
3.948609
3.713792
3.841309
3.757597
3.809381
3.970180
3.852098
3.866915
4.034134
4.006672
4.090531
4.005149
4.027525
4.205620
4.157584
4.250902
4.107535
4.036049
4.184678
4.093585
4.109202
4.201291
4.168007
4.339727
4.316263
4.418080
4.334743
4.351692
4.536857
4.646486
4.550137
4.549551
4.792801
4.595454
4.749413
4.674258
4.736187
4.985389
4.812242
4.988035
4.792369
4.755998
4.963861
4.834537
4.841806
5.024886
4.967065
5.258764
5.048904
5.101250
5.068404
5.146929
5.084011
5.035256
5.025937
5.212089
5.235172
5.225979
5.198416
5.303004
5.359050
5.480379
5.411918
5.335414
5.331748
5.514616
5.491164
5.408185
5.365597
5.325379
5.440415
5.369073
5.186602
4.988583
4.845967
4.923659
4.851903
4.680080
4.492862
4.434286
4.481475
4.353456
4.151980
4.116147
4.015261
4.013062
3.883886
3.695019
3.643922
3.594500
3.380039
3.310317
3.002834
2.776558
2.616853
2.462929
2.318016
2.336149
2.394816
2.478114
2.501345
2.645590
2.804072
2.991797
3.138615
3.415244
3.372692
3.361128
3.601574
3.487105
3.344094
3.116122
3.260068
3.544391
3.272485
3.085223
3.318523
3.350516
3.281875
2.939219
2.945941
2.819427
2.585400
2.497497
2.414996
2.367540
2.193830
2.079269
1.402533
1.131043
0.936726
0.946313
1.036953
1.183634
1.217464
1.179163
1.083551
0.979507
1.034908
1.228701
1.388665
1.647687
1.834992
2.065349
2.469940
2.920661
3.628878
4.086496
4.275195
4.430278
4.789707
4.880722
4.615940
4.911870
4.979313
5.184002
5.190458
