14.087410
12.115219
11.137937
9.730337
1.659117
1.783752
2.510341
3.937797
5.784218
7.587656
9.201943
11.224080
13.113005
15.439513
16.087280
16.760835
17.345431
19.064796
19.208280
19.748987
21.281062
21.366286
21.578743
20.111630
19.897376
20.105175
17.514958
15.845694
16.032499
15.864315
16.566843
15.767291
15.137952
14.727458
13.637273
13.537606
12.198822
11.022018
10.444458
9.320575
8.070555
6.741682
5.891411
5.488774
5.113912
4.959735
4.496598
4.292660
4.413258
4.311991
4.333070
4.248406
4.248360
4.458866
4.225891
4.236276
4.090802
3.937704
3.939811
3.719769
3.852964
3.764950
3.821442
3.978199
3.836697
3.856355
4.034824
4.009977
4.094009
4.007300
4.020458
4.180490
4.133134
4.203900
4.065805
3.997249
4.152010
4.072150
4.093703
4.198027
4.171325
4.344514
4.320932
4.420850
4.338673
4.355497
4.542719
4.651203
4.554557
4.553920
4.797079
4.600753
4.755902
4.679960
4.738570
4.989203
4.816546
4.991351
4.796538
4.761831
4.970853
4.836361
4.841915
5.024667
4.961683
5.248685
5.042326
5.101111
5.070067
5.152186
5.087127
5.037826
5.028978
5.215912
5.240714
5.227707
5.194819
5.292478
5.345409
5.461404
5.396223
5.324667
5.319403
5.504681
5.485303
5.404620
5.363832
5.327361
5.444477
4.995017
4.850612
4.928242
4.857110
4.686424
4.495618
4.437040
4.482833
4.353071
4.150600
4.113317
4.010750
4.009029
3.881015
3.690601
3.638487
3.589809
3.375013
3.317954
3.054925
2.924461
2.862060
2.879766
2.963921
3.234015
3.535815
3.813226
3.976200
4.319985
4.602309
4.921299
5.168517
5.588153
5.519185
5.496838
5.881324
5.697916
5.535299
5.202248
5.386359
5.821300
5.410523
5.161898
5.544397
5.605577
5.593196
5.034452
5.140194
4.952777
4.689920
