1.552096
2.481663
3.967139
5.154182
6.243540
6.654344
7.237263
8.111610
8.770708
8.939816
9.201126
9.734891
9.959811
10.747259
11.936274
12.537163
13.544544
14.774275
15.650290
16.840963
17.601037
17.284281
17.821631
17.365410
17.363416
17.839451
16.916556
16.006219
13.959131
12.303353
11.421632
9.798773
8.929176
8.589325
8.121988
7.982488
7.784171
7.123824
6.370273
5.740043
5.392987
4.999502
4.698673
4.477408
4.408215
4.142985
4.289812
4.108934
4.179247
4.642013
5.008524
5.713311
6.328153
6.881053
7.789281
8.327380
9.196429
9.474645
9.855215
10.550574
10.542771
11.335561
11.220364
11.416172
10.810955
10.786608
11.070502
10.009912
9.619882
9.945628
9.541122
9.326759
9.323208
8.780160
8.847133
8.109376
7.588310
7.400420
6.898619
6.295270
5.177114
5.035218
4.806061
4.752874
4.436488
4.299699
4.435550
4.330360
4.358344
4.280518
4.290163
4.518422
4.292964
4.291488
4.137885
3.982733
3.958061
3.693409
3.799980
3.700916
3.751744
3.858455
3.688992
3.729512
3.899660
3.868436
3.949097
3.865164
3.868395
4.003245
3.955379
3.995708
3.867355
3.803597
3.956282
3.877084
3.918955
4.045383
4.055889
4.235673
4.224921
4.327212
4.255795
4.274072
4.459487
4.488473
4.480597
4.735399
4.530310
4.680329
4.614407
4.713966
4.943569
4.760591
4.949701
4.740787
4.666268
4.880866
