1.410379
1.412755
1.334840
1.358812
1.352169
1.388116
1.403317
1.394117
1.427184
1.401188
1.401210
1.372616
1.285670
1.218458
1.189055
1.141213
1.166968
1.155331
1.194533
1.274848
1.302728
1.386263
1.356412
1.423002
1.486412
1.449444
1.457182
1.554316
1.547487
1.586449
1.520645
1.563965
1.555892
1.555200
1.516182
1.501990
1.520185
1.476485
1.498488
1.494932
1.499687
1.552126
1.621035
1.705989
1.706480
1.674603
1.800719
1.812040
1.782720
1.857641
1.786082
1.924341
1.892607
1.910095
1.882954
1.899422
1.984758
1.981833
2.036175
1.978477
1.991005
1.995714
1.979352
1.987096
1.888971
1.822648
1.835917
1.753145
1.699578
1.575135
1.512557
1.516467
1.408567
1.414396
1.358362
1.368720
1.410916
1.386500
1.422624
1.366914
1.401546
1.435510
1.414016
1.462013
1.412163
1.438102
1.483595
1.481257
1.582143
1.607384
1.728797
1.876365
1.944463
2.094236
2.121140
2.280576
2.443925
2.463649
2.620489
2.657216
2.836266
2.870278
2.925383
3.113918
3.075002
3.258499
3.303603
3.365293
3.589455
3.596854
3.859983
3.963180
4.064559
4.224344
4.104141
4.010863
4.172210
4.141720
4.149011
