0.017530
0.011500
0.021418
0.021971
0.025127
0.020473
0.037804
0.012365
0.010333
0.021265
0.026942
0.031186
0.028016
0.023860
0.012296
0.026609
0.004010
0.026008
0.019933
0.010680
0.006760
0.023130
0.025033
0.009823
0.004251
0.009786
0.009585
0.012519
0.009515
0.011950
0.011252
0.015560
0.009314
0.012195
0.018563
0.013204
0.007786
0.008219
0.018278
0.019008
0.013918
0.011141
0.006030
0.015457
0.001969
0.015897
0.017031
0.014477
0.014028
0.017062
0.004570
0.016258
0.013851
0.013594
0.001769
0.015001
0.018450
0.008256
0.015193
0.003649
0.013546
0.060174
0.124059
0.084279
0.014283
0.043201
0.044975
0.015036
0.040301
0.053498
0.072519
0.072971
0.098024
0.139294
0.193514
0.222755
0.232794
0.243053
0.247489
0.250988
0.238045
0.223055
0.223686
0.232964
0.242519
0.238906
0.211823
0.221531
0.287977
0.349106
0.428486
0.526016
0.676194
0.801313
0.860571
0.993654
1.082311
1.123301
1.267831
1.334021
1.342084
1.218868
1.118064
1.046464
0.983608
0.879425
0.824057
0.844823
0.783900
0.776193
0.772523
0.787679
0.806849
0.779859
0.786564
0.767172
0.720778
0.754958
0.761350
0.750883
0.700235
0.733837
0.779554
0.675093
0.621100
0.576190
0.533280
0.498823
0.460451
0.481818
0.516890
0.559016
0.651498
0.704420
0.789529
0.809105
0.851570
0.974561
1.014144
1.160676
1.281059
1.383414
1.541523
1.654140
1.834753
1.907208
2.011399
2.227672
2.289998
2.493842
2.526590
2.559080
2.714041
2.630029
2.730672
2.691110
2.712136
2.834074
2.795035
2.978300
2.929753
2.853773
3.037060
2.939581
2.932020
2.718880
2.735594
2.733808
2.550736
2.503581
2.481839
2.434263
2.310177
2.130478
2.176682
2.127581
2.013879
1.880863
1.768277
1.766971
1.659216
1.676725
1.594683
1.608765
1.748915
1.740238
1.837610
1.835921
1.906153
1.991451
1.878324
1.932925
1.932552
1.888106
1.810411
1.746019
1.779164
1.674546
1.522822
1.294259
1.058827
0.829123
0.472172
0.082502
0.052418
0.089471
0.014449
0.091971
0.087420
0.058843
0.058843
0.039799
0.001479
0.026311
0.226855
0.226855
0.128558
0.030106
0.159894
0.081754
0.081754
0.062718
0.290807
0.219677
0.010756
0.010756
0.196931
0.134409
0.116415
0.387938
0.387938
0.394092
0.794882
0.891112
1.085142
1.256821
1.289962
1.446352
1.722835
1.883845
2.209959
2.440523
