1.032945
1.030979
1.005579
1.002920
0.977425
0.944619
0.939638
0.933534
0.877867
0.906225
0.951316
0.837506
0.777472
0.661322
0.619821
0.590682
0.634968
0.691061
0.795918
0.851522
0.953104
0.984129
1.040524
1.175868
1.216991
1.388831
1.534179
1.662577
1.867700
1.985927
2.201217
2.291815
2.414250
2.656613
2.725928
2.965881
3.027297
3.270229
3.356186
3.560722
3.500701
3.515363
3.075228
3.061455
2.997314
2.931542
2.797542
2.556863
2.294040
2.157047
2.002232
1.927619
1.931270
2.088776
2.086631
2.219392
2.222422
2.336303
2.322513
1.846262
1.584872
0.580312
0.113587
0.053061
0.090576
0.026576
0.069383
0.230095
0.130514
0.030580
0.161138
0.287649
0.083155
0.063686
0.295210
0.222731
