1.082537
1.109742
1.034558
1.068869
1.127259
0.984446
0.845147
0.781516
0.736323
0.705235
0.753625
1.020197
1.151780
1.249971
1.417455
1.469827
1.664120
1.821941
1.971745
2.210280
2.360543
2.647047
2.728629
2.901691
3.200744
3.314231
4.327379
4.179289
4.175914
3.895199
3.842085
3.831071
3.622714
3.593988
3.543714
3.459447
3.317624
3.064914
3.118651
3.044336
2.890558
2.704124
2.533158
2.509434
2.353412
2.384062
2.276718
2.289957
2.477779
2.473441
2.637940
2.639649
2.733988
2.857425
2.708710
2.794754
2.780193
2.718719
2.624600
2.529084
2.562874
2.419098
2.245055
1.884404
1.544973
1.207524
0.695644
0.129884
0.068950
0.117586
0.018958
0.120713
0.114857
0.001881
0.077387
0.052409
0.001943
0.034575
0.089908
0.298574
0.168731
0.039623
0.210225
0.373763
0.107387
0.082401
0.383096
0.289266
0.057374
0.014146
0.257514
0.115875
0.109298
0.143894
0.316476
0.273539
0.272079
0.525191
0.709528
0.696082
0.802427
1.045195
1.235004
1.262456
1.432599
1.719137
1.883866
2.164341
2.404065
2.673299
2.833881
2.772430
3.050634
3.050300
2.986909
2.943240
2.708591
2.568550
2.244081
2.209967
2.044866
1.555167
1.307022
1.564344
1.973477
2.330910
3.866985
4.488739
5.332073
5.629234
6.664503
6.970432
7.175336
7.856927
8.496300
9.471933
9.682702
10.904083
11.457566
11.813599
11.871296
12.030578
12.598604
12.579895
12.129148
5.269037
5.155497
5.230205
5.008551
4.720721
4.767341
4.666174
4.748987
4.676656
4.361720
4.153090
