5.001861
4.947708
5.005847
5.019515
5.095147
5.095708
5.175586
5.287889
5.146057
5.125929
4.940401
4.759518
4.715158
4.510270
4.480700
4.369200
4.831275
5.523016
6.072858
7.416054
8.237701
9.013756
9.920459
10.413334
11.107465
12.111133
13.201349
14.046986
14.817550
14.860855
16.247565
17.033812
17.921797
19.437159
19.079303
19.451920
19.558089
20.310566
20.679904
20.740898
20.482634
21.171909
21.300714
19.702436
19.267051
18.143639
18.372425
18.235220
17.024414
16.158108
14.093160
12.813643
11.719701
10.316635
9.181367
8.176594
5.737751
5.069168
4.283214
3.886054
