4.625225
4.372410
4.213504
4.075691
4.074167
3.773512
3.788176
3.753431
3.711812
3.847780
3.765322
3.812242
3.757244
3.687264
3.807187
3.735006
3.923457
3.891484
3.941757
4.008927
4.030246
4.231355
4.219383
4.286732
4.337221
4.278898
4.468052
4.415967
4.594258
4.514763
4.453179
4.638257
4.555948
4.682351
4.580959
4.583932
4.657432
4.587380
4.653071
4.464932
4.598546
4.472944
4.318009
4.407235
4.292808
4.232467
4.171717
4.019417
4.222403
4.025049
4.029929
4.030389
4.193516
4.086691
3.911891
3.901486
3.693519
3.938044
3.842853
3.904941
4.050210
3.719372
3.723144
3.975611
4.085701
4.115985
3.805825
3.685588
3.168033
3.146707
3.348935
3.209091
3.307494
3.777814
4.511880
7.576496
7.431972
7.036830
7.510895
7.471368
8.252651
8.880163
9.120785
9.598277
10.592331
12.157419
12.713230
12.906339
13.532889
12.260821
13.065262
13.908225
14.290136
13.893319
13.696114
14.422663
14.499448
16.194417
16.562939
15.156902
15.297591
15.091208
14.711731
13.019378
11.546656
