3.716151
4.123639
4.021008
3.903807
3.447405
2.702086
2.103892
1.581748
1.360470
1.392710
1.836457
2.070187
2.479877
3.254351
3.416571
3.552522
3.583388
3.437079
3.452587
2.824790
2.908125
3.043674
2.972711
2.902640
2.928390
2.977057
3.201115
3.248012
3.125494
3.003332
2.960717
3.026630
2.877410
2.872309
3.016781
3.320908
3.752354
3.769289
4.142198
4.638103
4.982704
5.284408
5.575120
5.798448
5.669947
5.733632
5.812624
5.776503
6.094009
6.160981
6.574301
6.417539
6.307736
6.346076
6.140465
6.287910
6.089882
5.941022
5.361397
4.597770
3.727659
3.041427
2.643435
2.082451
1.786110
1.349705
1.432440
2.279962
3.194244
4.154686
5.034325
6.689834
7.901208
8.986775
9.831600
11.241382
11.955882
12.160112
12.854825
13.248877
14.087347
14.320449
14.330522
15.201400
15.805193
7.588585
6.785798
3.796535
4.129692
5.113859
5.039393
