0.844742
0.618738
0.576887
0.716859
0.651554
0.589856
0.710814
0.697113
0.620578
0.491452
0.526627
0.579534
0.517241
0.568513
0.621643
0.589390
0.525478
0.481414
0.484319
0.518011
0.906230
1.346513
1.532483
2.239458
3.387574
4.743861
5.941965
7.583932
8.842219
9.579060
11.251439
12.321735
13.440250
13.582096
14.284124
15.030053
15.833588
17.331596
17.258223
17.922411
17.758145
18.672057
18.579381
18.350418
19.148278
18.875664
19.159663
17.811289
16.888384
15.878700
15.064518
14.721790
14.105194
13.827294
12.876693
11.553683
10.077368
8.597403
7.527724
7.065037
6.235776
6.083491
6.034982
5.567346
5.499660
5.263516
5.073775
5.077354
4.930347
5.121340
5.378192
5.719014
6.569660
6.841873
7.707004
8.261815
8.708811
9.657055
9.964878
10.875871
11.101094
11.910029
11.937140
11.915028
12.381099
12.360053
12.965695
12.443579
12.275764
12.174849
11.633749
11.424422
8.600211
8.428779
7.918310
7.555801
7.624218
7.173316
6.912784
6.410058
6.006068
5.901699
5.519167
5.248364
5.371979
5.183308
5.337628
5.250409
5.131389
5.294723
5.159646
5.331876
5.161500
5.019480
5.082514
4.864167
4.829691
4.844068
4.783268
4.855906
4.663720
4.840175
4.721955
4.636083
4.795192
4.782113
4.746327
4.665462
4.628622
4.779517
4.595888
4.770072
4.672234
4.747370
4.716306
4.646807
4.824608
4.713287
4.652688
4.791631
4.660193
4.811363
4.714385
4.509334
4.807358
4.581051
4.755869
4.628786
4.797640
4.775387
4.698685
4.893874
4.778931
4.940719
