4.374506
4.512233
4.472587
4.467457
4.414737
4.304301
4.427234
4.323805
4.312494
4.119509
3.932335
3.800449
3.723313
3.630700
3.576845
3.472728
3.524645
3.419117
3.298274
3.360065
3.234149
3.276320
3.125128
3.132647
3.114655
2.965899
2.971783
2.815088
2.684967
2.656191
2.479618
2.502207
2.440883
2.526435
2.776071
3.008480
3.653743
4.126979
4.534082
5.165196
5.638171
6.445231
6.662365
6.990576
7.511567
7.796006
8.260397
8.081362
8.659432
8.923939
9.008704
9.449410
9.244947
9.787474
9.874608
10.077841
10.320200
10.403834
10.976526
11.292641
11.439545
11.505964
11.772847
11.208758
11.235057
10.812559
10.250471
10.171873
9.780925
9.640455
9.468248
8.820426
8.651179
8.063962
7.483694
7.262252
6.682841
6.675824
6.217437
5.766529
5.934302
5.764486
5.640591
5.587111
5.664348
5.666557
5.499297
5.510075
6.001665
6.107466
6.572742
6.737140
6.955308
7.192853
7.063239
7.641016
8.781926
9.900399
10.327316
11.143315
12.508199
13.020248
15.184985
11.770492
