6.917838
6.787218
6.575309
4.685825
4.369078
3.839998
3.178348
2.454938
2.234236
1.997143
1.762107
1.516886
1.224423
1.185880
1.176324
1.191950
1.176190
1.173116
1.207352
1.263266
1.332539
1.646510
1.470166
1.465225
1.629774
1.383561
3.824145
4.525552
8.794799
11.031527
11.865493
13.078345
13.359483
14.810826
14.788409
15.259653
16.260804
16.543797
16.760583
16.490822
17.385439
16.955475
17.021117
15.951985
15.088976
15.191346
14.725059
14.475578
13.627467
13.155642
13.442861
12.373086
12.145412
11.260207
10.965114
10.929282
10.234591
10.303942
9.698950
9.341435
8.843616
8.540102
8.477643
8.057071
7.979875
7.551711
7.322620
